# Created by Octave 5.2.0, Sun Jun 21 16:09:15 2020 IST <nalin@nalinspc>
# name: N1
# type: global scalar
0


# name: N2
# type: global scalar
0


# name: N3
# type: global scalar
4


# name: M
# type: global scalar
3


# name: beta
# type: global matrix
# rows: 4
# columns: 3
 300 300 300
 300 300 300
 300 300 300
 300 300 300


# name: delta
# type: global matrix
# rows: 4
# columns: 3
 1 1 1
 1 1 1
 1 1 1
 1 1 1


# name: c
# type: global cell
# rows: 1
# columns: 2
# name: <cell-element>
# type: matrix
# rows: 4
# columns: 3
 20 20 20
 20 20 20
 20 20 20
 20 20 20



# name: <cell-element>
# type: matrix
# rows: 4
# columns: 3
 15 15 15
 15 15 15
 15 15 15
 15 15 15





# name: A_u
# type: global matrix
# rows: 0
# columns: 0


# name: A_v
# type: global matrix
# rows: 0
# columns: 0


# name: A_s
# type: global matrix
# rows: 0
# columns: 0


# name: b
# type: global matrix
# rows: 0
# columns: 0


# name: alpha
# type: global cell
# rows: 1
# columns: 2
# name: <cell-element>
# type: scalar
0.90000000000000002



# name: <cell-element>
# type: scalar
0.90000000000000002





# name: x_min
# type: global cell
# rows: 1
# columns: 2
# name: <cell-element>
# type: matrix
# rows: 4
# columns: 3
 56 56 56
 56 56 56
 56 56 56
 56 56 56



# name: <cell-element>
# type: matrix
# rows: 4
# columns: 3
 57 57 57
 57 57 57
 57 57 57
 57 57 57





# name: x_max
# type: global cell
# rows: 1
# columns: 2
# name: <cell-element>
# type: matrix
# rows: 4
# columns: 3
 208.08445036411285 207.01804220676422 204.43052679300308
 202.33950078487396 206.31043612957001 201.4982233941555
 203.92121344804764 207.14721977710724 201.72035589814186
 201.21979288756847 208.17574620246887 200.74277102947235



# name: <cell-element>
# type: matrix
# rows: 4
# columns: 3
 206.07390105724335 206.8968391418457 207.12989926338196
 209.88217890262604 203.2060569524765 203.3116939663887
 209.08396601676941 202.87609815597534 202.114297747612
 209.72686886787415 203.61369162797928 201.13283410668373





# name: x
# type: global cell
# rows: 1
# columns: 2
# name: <cell-element>
# type: matrix
# rows: 4
# columns: 3
 91.666530271562465 91.666515975166632 91.666535154303304
 91.666523118988152 91.666537210251988 91.666541311400678
 91.666539350901118 91.666525886145109 91.66653379902597
 91.666534976643959 91.666527408861143 91.666533984831915



# name: <cell-element>
# type: matrix
# rows: 4
# columns: 3
 96.666723256200925 96.666733079729553 96.666719074531727
 96.666727912952652 96.66672686087206 96.666716467966992
 96.666723096796801 96.666732078867852 96.666715764010874
 96.666719251834593 96.666721292209502 96.666720679159141





# name: w
# type: matrix
# rows: 32
# columns: 1
 4.5181573210507633
 4.5181572430225607
 4.5181574200982366
 4.5181573723790001
 4.5181571650898373
 4.5181573967456679
 4.5181572732097743
 4.5181572898212474
 4.5181573743171048
 4.5181574414855339
 4.51815735953224
 4.5181573615592168
 0.25000000000010286
 0.24999999999988359
 0.24999999999996381
 0.25000000000004979
 4.5712692197212137
 4.5712692678944782
 4.5712692180722065
 4.5712691782967578
 4.5712693213438591
 4.5712692570108926
 4.5712693109901243
 4.5712691994040728
 4.5712691764625912
 4.5712691494981428
 4.5712691422158418
 4.5712691930621761
 0.24999999999999678
 0.24999999999997963
 0.24999999999999861
 0.25000000000002504


# name: payoffs_history
# type: cell
# rows: 1
# columns: 2
# name: <cell-element>
# type: matrix
# rows: 1
# columns: 21
 36864 215471.99999999971 113364.00225068087 125460.74948612884 105982.12685941308 106738.1729434297 102246.54048690683 102293.79338355933 101194.50851677192 101197.46184291807 100924.11961290991 100924.30418746232 100856.03555914832 100856.04709131189 100839.10174588411 100839.10245735837 100834.90417494847 100834.90420390735 100833.21143777642 100833.21144094584 100833.27110848519



# name: <cell-element>
# type: matrix
# rows: 1
# columns: 21
 37584 20016.000552588819 68403.003476704616 97168.503493751952 100192.69153525084 108896.15623216191 109085.16804396348 111355.54014453859 111367.35339811086 111940.85697394115 111941.59529898981 112085.3549638057 112085.40112011129 112121.35235157356 112121.35522954201 112130.68190783115 112130.68210892571 112132.79613160944 112132.79614743445 112133.49008338398 112133.49008340534





# name: total_iter
# type: scalar
20


# name: opti
# type: cell
# rows: 1
# columns: 2
# name: <cell-element>
# type: matrix
# rows: 29
# columns: 1
 0
 0.25000000000010286
 0.24999999999988359
 0.24999999999996381
 0.25000000000004979
 35.666530271562465
 35.666523118988152
 35.666539350901118
 35.666534976643959
 35.666515975166632
 35.666537210251988
 35.666525886145109
 35.666527408861143
 35.666535154303304
 35.666541311400678
 35.66653379902597
 35.666533984831915
 116.41792009255039
 110.67297766588581
 112.25467409714652
 109.55325791092451
 115.35152623159759
 114.64389891931802
 115.48069389096213
 116.50921879360773
 112.76399163869978
 109.83168208275482
 110.05382209911589
 109.07623704464044



# name: <cell-element>
# type: matrix
# rows: 29
# columns: 1
 0
 0.24999999999999678
 0.24999999999997963
 0.24999999999999861
 0.25000000000002504
 39.666723256200925
 39.666727912952652
 39.666723096796801
 39.666719251834593
 39.666733079729553
 39.66672686087206
 39.666732078867852
 39.666721292209502
 39.666719074531727
 39.666716467966992
 39.666715764010874
 39.666720679159141
 109.40717780104242
 113.21545098967339
 112.41724291997261
 113.06014961603955
 110.23010606211615
 106.53933009160444
 106.20936607710749
 106.94697033576978
 110.46318018885023
 106.64497749842171
 105.44758198360113
 104.46611342752459





