# Created by Octave 5.2.0, Sun Jun 21 16:22:29 2020 IST <nalin@nalinspc>
# name: N1
# type: global scalar
0


# name: N2
# type: global scalar
0


# name: N3
# type: global scalar
4


# name: M
# type: global scalar
3


# name: beta
# type: global matrix
# rows: 4
# columns: 3
 300 300 300
 300 300 300
 300 300 300
 300 300 300


# name: delta
# type: global matrix
# rows: 4
# columns: 3
 1 1 1
 1 1 1
 1 1 1
 1 1 1


# name: c
# type: global cell
# rows: 1
# columns: 2
# name: <cell-element>
# type: matrix
# rows: 4
# columns: 3
 20 20 20
 20 20 20
 20 20 20
 20 20 20



# name: <cell-element>
# type: matrix
# rows: 4
# columns: 3
 15 15 15
 15 15 15
 15 15 15
 15 15 15





# name: A_u
# type: global cell
# rows: 1
# columns: 2
# name: <cell-element>
# type: matrix
# rows: 4
# columns: 3
 0.21422860771417618 0.26769998669624329 0.2662013113498688
 0.29652870297431944 0.28258934617042542 0.26779735088348389
 0.29084432125091553 0.21545716524124148 0.2194816917181015
 0.21591600626707078 0.22718991637229921 0.28294616937637329



# name: <cell-element>
# type: matrix
# rows: 4
# columns: 3
 0.25855748653411864 0.28047075271606448 0.26499125361442566
 0.22585441470146181 0.22595397233963013 0.27314749956130979
 0.28775721192359927 0.28213404417037968 0.20586930997669697
 0.23231956958770753 0.21923068463802339 0.26162564158439638





# name: A_v
# type: global cell
# rows: 1
# columns: 2
# name: <cell-element>
# type: cell
# rows: 1
# columns: 4
# name: <cell-element>
# type: matrix
# rows: 3
# columns: 3
 0.051714070472869231 0.04770498463245914 0.042646922744119707
 0.04770498463245914 0.047833962576989533 0.052244421703123788
 0.042646922744119707 0.052244421703123788 0.078701127680311525



# name: <cell-element>
# type: matrix
# rows: 3
# columns: 3
 0.033834414501511853 0.023138885327769101 0.011205549711584623
 0.023138885327769101 0.022318860494299507 0.013429976282054383
 0.011205549711584623 0.013429976282054383 0.039535583904928728



# name: <cell-element>
# type: matrix
# rows: 3
# columns: 3
 0.059982481211424951 0.042442580276657364 0.030100312643235903
 0.042442580276657364 0.047839072684874535 0.026310346362350714
 0.030100312643235903 0.026310346362350714 0.018188129594899179



# name: <cell-element>
# type: matrix
# rows: 3
# columns: 3
 0.015965490760528746 0.018858877968867864 0.021130145449452558
 0.018858877968867864 0.022449599498645015 0.024319438033181158
 0.021130145449452558 0.024319438033181158 0.033634997093114398






# name: <cell-element>
# type: cell
# rows: 1
# columns: 4
# name: <cell-element>
# type: matrix
# rows: 3
# columns: 3
 0.020520733836323267 0.013247102793231172 0.026332026288681795
 0.013247102793231172 0.011890894816984243 0.018191155821137464
 0.026332026288681795 0.018191155821137464 0.04547612441024089



# name: <cell-element>
# type: matrix
# rows: 3
# columns: 3
 0.038678655876915553 0.019309022441006362 0.039915427821729958
 0.019309022441006362 0.045144668418957402 0.040679172797939284
 0.039915427821729958 0.040679172797939284 0.057734152753839724



# name: <cell-element>
# type: matrix
# rows: 3
# columns: 3
 0.064541597462404343 0.061437360445474813 0.058097998526183831
 0.061437360445474813 0.060078188659231417 0.054253202860724062
 0.058097998526183831 0.054253202860724062 0.053500770485667606



# name: <cell-element>
# type: matrix
# rows: 3
# columns: 3
 0.070099735461608928 0.019874404979561857 0.027259423997209636
 0.019874404979561857 0.0096844332962537725 0.0082730650266764801
 0.027259423997209636 0.0082730650266764801 0.01348168564691229








# name: A_s
# type: global cell
# rows: 1
# columns: 2
# name: <cell-element>
# type: cell
# rows: 1
# columns: 4
# name: <cell-element>
# type: matrix
# rows: 3
# columns: 3
 0.093211627006530767 0.067163544893264773 0.19625167846679686
 0.12262153625488281 0.10114457607269287 0.1502254843711853
 0.19680012464523317 0.1912081241607666 0.058397704362869264



# name: <cell-element>
# type: matrix
# rows: 3
# columns: 3
 0.0047683000564575197 0.15779465436935425 0.09440616965293884
 0.0027874376624822616 0.066549646854400638 0.13372447490692138
 0.17632255554199219 0.011104714870452882 0.0912284255027771



# name: <cell-element>
# type: matrix
# rows: 3
# columns: 3
 0.18719455003738403 0.022084616124629974 0.15637439489364624
 0.1084131121635437 0.14648265838623048 0.12094833850860595
 0.061849153041839598 0.040794062614440921 0.11268831491470337



# name: <cell-element>
# type: matrix
# rows: 3
# columns: 3
 0.099659579992294314 0.046859362721443178 0.061948841810226439
 0.10964877605438232 0.062197273969650267 0.080982989072799688
 0.16378111839294435 0.080874389410018926 0.016433973610401154






# name: <cell-element>
# type: cell
# rows: 1
# columns: 4
# name: <cell-element>
# type: matrix
# rows: 3
# columns: 3
 0.036392506957054135 0.069982385635375982 0.11957752704620361
 0.073593795299530029 0.060635095834732054 0.052898329496383664
 0.11008330583572387 0.0071869030594825748 0.18249969482421874



# name: <cell-element>
# type: matrix
# rows: 3
# columns: 3
 0.042824175953865048 0.15877903699874879 0.1078608512878418
 0.19035962820053101 0.0062957018613815311 0.094171357154846189
 0.16854752302169801 0.15078116655349733 0.081184512376785284



# name: <cell-element>
# type: matrix
# rows: 3
# columns: 3
 0.15213017463684081 0.1528671145439148 0.13427454233169556
 0.11294262409210205 0.16572145223617554 0.14092037677764893
 0.1595046639442444 0.1382835865020752 0.094534027576446536



# name: <cell-element>
# type: matrix
# rows: 3
# columns: 3
 0.12177028656005859 0.18445169925689697 0.14577140808105468
 0.090112441778182978 0.036792278289794922 0.014508941769599914
 0.046376308798789977 0.10539979934692383 0.014893150329589844








# name: b
# type: global cell
# rows: 1
# columns: 2
# name: <cell-element>
# type: matrix
# rows: 4
# columns: 1
 169.63460803031921
 166.48257732391357
 154.72454935312271
 171.4612889289856



# name: <cell-element>
# type: matrix
# rows: 4
# columns: 1
 184.4043231010437
 167.49197840690613
 186.24040842056274
 170.11178493499756





# name: alpha
# type: global cell
# rows: 1
# columns: 2
# name: <cell-element>
# type: scalar
0.90000000000000002



# name: <cell-element>
# type: scalar
0.90000000000000002





# name: x_min
# type: global cell
# rows: 1
# columns: 2
# name: <cell-element>
# type: matrix
# rows: 4
# columns: 3
 56 56 56
 56 56 56
 56 56 56
 56 56 56



# name: <cell-element>
# type: matrix
# rows: 4
# columns: 3
 57 57 57
 57 57 57
 57 57 57
 57 57 57





# name: x_max
# type: global cell
# rows: 1
# columns: 2
# name: <cell-element>
# type: matrix
# rows: 4
# columns: 3
 206.64766430854797 208.40562582015991 209.08251464366913
 206.63151621818542 209.8851066827774 200.17663175240159
 204.63972926139832 207.6449728012085 203.50741297006607
 209.07567083835602 202.74604618549347 209.67264592647552



# name: <cell-element>
# type: matrix
# rows: 4
# columns: 3
 200.5806066468358 204.67851340770721 200.57379905134439
 206.71518564224243 205.08140563964844 202.47461870312691
 207.78211414813995 204.58225250244141 209.83729183673859
 204.77301567792892 200.41707947850227 205.2570641040802





# name: x
# type: global cell
# rows: 1
# columns: 2
# name: <cell-element>
# type: matrix
# rows: 4
# columns: 3
 89.193412653264772 89.084645292695015 89.272641916846368
 92.2180897411817 91.95943739958534 91.730855398509718
 90.406336328847672 91.643345732115918 90.303664172766716
 91.990938164652434 92.389731632139942 92.209510069599119



# name: <cell-element>
# type: matrix
# rows: 4
# columns: 3
 97.321797508538921 97.509216277291955 97.056040616165461
 93.623799100455997 94.079095146729514 94.232594101664162
 94.169373700629279 93.427816906091707 94.812517484756242
 95.132663729624227 94.640880030086038 95.003630148237278





# name: w
# type: matrix
# rows: 32
# columns: 1
 4.4908071876803328
 4.5241563124150455
 4.5043143570750628
 4.5216900739874735
 4.4895869884553905
 4.5213475819944193
 4.5179043664355989
 4.5260158429500006
 4.4916950794306993
 4.5188588046553413
 4.5031780373711872
 4.5240632713344526
 0.44230526523393693
 0.11959738414364504
 0.40584707708396078
 0.032250273538457122
 4.5780229878283825
 4.5392846150577215
 4.5450950087685111
 4.5552723777684703
 4.5799468994574513
 4.5441358661909002
 4.5371891264405928
 4.5500895183387122
 4.5752885499878406
 4.5457661313066167
 4.5519014415227748
 4.5539151029571858
 0.043851482366663523
 0.33827605429490953
 0.46675694963009406
 0.15111551370833268


# name: payoffs_history
# type: cell
# rows: 1
# columns: 2
# name: <cell-element>
# type: matrix
# rows: 1
# columns: 36
 36864 195485.23371796048 102609.8230629178 103259.91995282145 102678.62542114677 102708.87812515642 102594.27534617303 102595.57611383418 102564.91285862945 102564.97440211925 102557.19815762529 102557.20110227303 102556.20839956607 102556.20862634457 102556.09433576139 102556.09443529793 102555.98115598345 102555.98122097351 102555.87044239795 102555.87048482079 102555.77004010539 102555.77006616749 102555.67560300243 102555.67562180005 102555.58970261618 102555.58971762654 102555.51768112878 102555.5176932834 102555.4538062027 102555.45381425404 102555.39347842369 102555.39348518694 102555.3396445066 102555.33965019361 102555.29206867414 102555.29207154654



# name: <cell-element>
# type: matrix
# rows: 1
# columns: 36
 37584 25727.777061107001 109325.85845380694 111735.07827081851 111880.15036341923 112625.38886307843 112631.59120767388 112782.48174638121 112782.7613455898 112812.65409971427 112812.66788665313 112817.16632595292 112817.1667118586 112817.74529672807 112817.74532123597 112818.09249485667 112818.0925210969 112818.37719979345 112818.37722508828 112818.64015254492 112818.64017571609 112818.82962786892 112818.82964769228 112818.99370057238 112818.99371650664 112819.14401548394 112819.14402775158 112819.28297484132 112819.28298463472 112819.38966548833 112819.38967313734 112819.48777718314 112819.48778307709 112819.57705758238 112819.57706217161 112819.6252014293





# name: total_iter
# type: scalar
35


# name: opti
# type: cell
# rows: 1
# columns: 2
# name: <cell-element>
# type: matrix
# rows: 33
# columns: 1
 2.2204460492503131e-16
 0.44230526523393693
 0.11959738414364504
 0.40584707708396078
 0.032250273538457122
 33.193412653264772
 36.2180897411817
 34.406336328847672
 35.990938164652434
 33.084645292695015
 35.95943739958534
 35.643345732115918
 36.389731632139942
 33.272641916846368
 35.730855398509718
 34.303664172766716
 36.209510069599119
 117.4542516552832
 114.41342647700372
 114.23339293255064
 117.08473267370358
 119.3209805274649
 117.92566928319206
 116.00162706909258
 110.35631455335353
 119.80987272682276
 108.44577635389187
 113.20374879729935
 117.46313585687641
 -2.9605018880829448e-07
 -3.0839441933494527e-07
 -8.074030404259247e-07
 -1.7603428545953648e-06



# name: <cell-element>
# type: matrix
# rows: 33
# columns: 1
 2.2204460492503131e-16
 0.043851482366663523
 0.33827605429490953
 0.46675694963009406
 0.15111551370833268
 40.321797508538921
 36.623799100455997
 37.169373700629279
 38.132663729624227
 40.509216277291955
 37.079095146729514
 36.427816906091707
 37.640880030086038
 40.056040616165461
 37.232594101664162
 37.812517484756242
 38.003630148237278
 103.25880913829688
 113.09138654178643
 113.61274044751067
 109.6403519483047
 107.16929713041526
 111.00231049291892
 111.1544355963497
 105.77619944841624
 103.51775843517893
 108.24202460146275
 115.02477435198234
 110.25343395584292
 -7.3272929057566216e-08
 -2.7434083449406899e-08
 -6.3526769622512802e-08
 -2.4399861331403372e-07





