# Created by Octave 5.2.0, Sun Jun 21 16:15:15 2020 IST <nalin@nalinspc>
# name: N1
# type: global scalar
0


# name: N2
# type: global scalar
0


# name: N3
# type: global scalar
4


# name: M
# type: global scalar
3


# name: beta
# type: global matrix
# rows: 4
# columns: 3
 300 300 300
 300 300 300
 300 300 300
 300 300 300


# name: delta
# type: global matrix
# rows: 4
# columns: 3
 1 1 1
 1 1 1
 1 1 1
 1 1 1


# name: c
# type: global cell
# rows: 1
# columns: 2
# name: <cell-element>
# type: matrix
# rows: 4
# columns: 3
 20 20 20
 20 20 20
 20 20 20
 20 20 20



# name: <cell-element>
# type: matrix
# rows: 4
# columns: 3
 15 15 15
 15 15 15
 15 15 15
 15 15 15





# name: A_u
# type: global cell
# rows: 1
# columns: 2
# name: <cell-element>
# type: matrix
# rows: 4
# columns: 3
 0.2118924342095852 0.29725778102874756 0.27706799507141111
 0.23295112252235414 0.24854883849620821 0.25478724241256717
 0.29168227910995481 0.23922355473041534 0.21205230206251147
 0.2142849624156952 0.22920040786266327 0.26617587804794313



# name: <cell-element>
# type: matrix
# rows: 4
# columns: 3
 0.2265336036682129 0.22541145980358124 0.29652627706527712
 0.21012891903519632 0.25338850617408754 0.29646865129470823
 0.28576220273971559 0.24793341159820559 0.29036905169487004
 0.2513907611370087 0.22700448632240297 0.22521303892135622





# name: A_v
# type: global cell
# rows: 1
# columns: 2
# name: <cell-element>
# type: cell
# rows: 1
# columns: 4
# name: <cell-element>
# type: matrix
# rows: 3
# columns: 3
 0.0074243624430880258 0.0074852467548716731 0.0060778720908170707
 0.0074852467548716731 0.02929284035165499 0.015039712154805525
 0.0060778720908170707 0.015039712154805525 0.008958053470404197



# name: <cell-element>
# type: matrix
# rows: 3
# columns: 3
 0.028723511327277185 0.045536241086065417 0.03546489108561978
 0.045536241086065417 0.077771256435861039 0.056138232688345016
 0.03546489108561978 0.056138232688345016 0.057040180951377722



# name: <cell-element>
# type: matrix
# rows: 3
# columns: 3
 0.037469540135065788 0.033186883675508198 0.02959513262472491
 0.033186883675508198 0.043087569232617542 0.033725715277825974
 0.02959513262472491 0.033725715277825974 0.029240213308490047



# name: <cell-element>
# type: matrix
# rows: 3
# columns: 3
 0.056057116132820536 0.05637854981997506 0.066568592345637265
 0.05637854981997506 0.060332410267608771 0.066129198311086698
 0.066568592345637265 0.066129198311086698 0.079819380453427735






# name: <cell-element>
# type: cell
# rows: 1
# columns: 4
# name: <cell-element>
# type: matrix
# rows: 3
# columns: 3
 0.015880957395982991 0.012539803420208677 0.020944539036190462
 0.012539803420208677 0.027554521884831061 0.012164358469747033
 0.020944539036190462 0.012164358469747033 0.059310586966209618



# name: <cell-element>
# type: matrix
# rows: 3
# columns: 3
 0.068470872411788841 0.052375595978459449 0.055048006950198528
 0.052375595978459449 0.043952264390841551 0.047011249148342316
 0.055048006950198528 0.047011249148342316 0.05810234594881112



# name: <cell-element>
# type: matrix
# rows: 3
# columns: 3
 0.028968044638325335 0.0086764401844090164 0.0090113766270492144
 0.0086764401844090164 0.01774786157156762 0.023547556242032266
 0.0090113766270492144 0.023547556242032266 0.034395801146361184



# name: <cell-element>
# type: matrix
# rows: 3
# columns: 3
 0.036970387215565517 0.02524372839339354 0.027867706726229499
 0.02524372839339354 0.049314784896958064 0.043135004497992013
 0.027867706726229499 0.043135004497992013 0.044946041077722758








# name: A_s
# type: global cell
# rows: 1
# columns: 2
# name: <cell-element>
# type: cell
# rows: 1
# columns: 4
# name: <cell-element>
# type: matrix
# rows: 3
# columns: 3
 0.0097660519182682041 0.06895118355751037 0.050741708278656004
 0.15489012002944946 0.043832704424858093 0.05814279913902283
 0.069988995790481567 0.056347584724426268 0.029741278290748595



# name: <cell-element>
# type: matrix
# rows: 3
# columns: 3
 0.11724104881286621 0.064034122228622439 0.10429611206054687
 0.14364118576049806 0.16230599880218505 0.17548569440841674
 0.19714006185531616 0.12898069620132446 0.039242285490036014



# name: <cell-element>
# type: matrix
# rows: 3
# columns: 3
 0.16697397232055664 0.089282101392745977 0.040223613381385803
 0.09285348653793335 0.14693088531494142 0.11347737312316894
 0.10946704149246216 0.079712861776351923 0.10441762208938599



# name: <cell-element>
# type: matrix
# rows: 3
# columns: 3
 0.14858810901641845 0.1250346302986145 0.1354438304901123
 0.10935908555984497 0.17067185640335084 0.13872317075729371
 0.17575099468231201 0.12850717306137086 0.1800468683242798






# name: <cell-element>
# type: cell
# rows: 1
# columns: 4
# name: <cell-element>
# type: matrix
# rows: 3
# columns: 3
 0.058993625640869143 0.11130664348602295 0.0033971525728702543
 0.15848253965377807 0.027409246563911437 0.04106750190258026
 0.0032918401062488555 0.18146891593933107 0.16238467693328856



# name: <cell-element>
# type: matrix
# rows: 3
# columns: 3
 0.1230010747909546 0.11800131797790528 0.19853789806365968
 0.14898033142089845 0.079229128360748288 0.12441812753677368
 0.16248145103454589 0.15753655433654784 0.08297203183174133



# name: <cell-element>
# type: matrix
# rows: 3
# columns: 3
 0.089812058210372928 0.14409009218215943 0.011827263981103897
 0.06399140357971192 0.010779133439064026 0.11634763479232788
 0.03621242046356201 0.025182193517684935 0.18013972043991089



# name: <cell-element>
# type: matrix
# rows: 3
# columns: 3
 0.18898271322250365 0.012712037563323975 0.033080589771270749
 0.098317193984985354 0.0062746994197368624 0.19902045726776124
 0.11421835422515869 0.083913695812225339 0.15766642093658448








# name: b
# type: global cell
# rows: 1
# columns: 2
# name: <cell-element>
# type: matrix
# rows: 4
# columns: 1
 163.01070809364319
 186.86972379684448
 188.43115329742432
 160.60174226760864



# name: <cell-element>
# type: matrix
# rows: 4
# columns: 1
 183.80357503890991
 161.80882811546326
 167.49907732009888
 187.73501396179199





# name: alpha
# type: global cell
# rows: 1
# columns: 2
# name: <cell-element>
# type: scalar
0.90000000000000002



# name: <cell-element>
# type: scalar
0.90000000000000002





# name: x_min
# type: global cell
# rows: 1
# columns: 2
# name: <cell-element>
# type: matrix
# rows: 4
# columns: 3
 56 56 56
 56 56 56
 56 56 56
 56 56 56



# name: <cell-element>
# type: matrix
# rows: 4
# columns: 3
 57 57 57
 57 57 57
 57 57 57
 57 57 57





# name: x_max
# type: global cell
# rows: 1
# columns: 2
# name: <cell-element>
# type: matrix
# rows: 4
# columns: 3
 202.26659446954727 206.71990036964417 200.08284449577332
 202.11487293243408 204.32992070913315 205.59175491333008
 203.36850881576538 205.99510252475739 205.7303112745285
 200.56142527610064 206.19859278202057 203.8736355304718



# name: <cell-element>
# type: matrix
# rows: 4
# columns: 3
 207.22258985042572 205.52632093429565 209.09613013267517
 202.3183286190033 204.07117277383804 203.18636775016785
 200.85462123155594 206.17905735969543 202.32737824320793
 201.22983448207378 207.6110851764679 201.80650308728218





# name: x
# type: global cell
# rows: 1
# columns: 2
# name: <cell-element>
# type: matrix
# rows: 4
# columns: 3
 91.625250773819658 91.838701103993728 91.838140632470171
 91.277183255077816 91.511979423267675 92.04248563220429
 91.000695354466856 91.158393611385748 91.590231047524597
 87.504928785363347 87.129280572527151 86.929072228488508



# name: <cell-element>
# type: matrix
# rows: 4
# columns: 3
 96.216380034935653 95.893828808118514 95.93532934407034
 93.101142149326876 93.076764204933724 92.229204594664054
 95.987104902828719 95.950707869706221 95.378970871951083
 97.637734952889602 98.37218114240963 97.917632488348232





# name: w
# type: matrix
# rows: 32
# columns: 1
 4.5177068971615384
 4.5139008467853818
 4.5108671477455333
 4.4716951207527327
 4.5200337894398155
 4.5164698863705155
 4.5125985825831876
 4.4673929992657708
 4.5200276866397209
 4.5222502708021217
 4.5173246180399991
 4.4650925244064865
 0.011759221384633685
 0.24557031231815291
 0.074047387961575256
 0.66862307833563817
 4.5665996138106886
 4.5336864521919473
 4.5642138585167018
 4.5812640473131347
 4.563241629538517
 4.5334245742386514
 4.5638345999117087
 4.588758052120264
 4.5636743117959906
 4.5242768330606404
 4.5578581230441086
 4.5841266404524035
 0.045160955219069404
 0.76803481821965736
 0.089733217490936323
 0.097071009070336889


# name: payoffs_history
# type: cell
# rows: 1
# columns: 2
# name: <cell-element>
# type: matrix
# rows: 1
# columns: 13
 36864 196298.13916306794 103109.90038669997 104059.65578005341 102359.48985661911 102405.09889757233 102019.15599008271 102021.2467419467 101926.87236034125 101926.9754157585 101916.42632541506 101916.42697397145 101916.42697397145



# name: <cell-element>
# type: matrix
# rows: 1
# columns: 13
 37584 25534.989089603288 107903.33517049949 111727.60497994689 111942.08773362287 113170.71788239824 113180.35443821592 113443.95828892464 113444.41932480925 113500.47658702137 113500.49348441479 113502.26629354584 113502.26629354584





# name: total_iter
# type: scalar
12


# name: opti
# type: cell
# rows: 1
# columns: 2
# name: <cell-element>
# type: matrix
# rows: 33
# columns: 1
 0
 0.011759221384633685
 0.24557031231815291
 0.074047387961575256
 0.66862307833563817
 35.625250773819658
 35.277183255077816
 35.000695354466856
 31.504928785363347
 35.838701103993728
 35.511979423267675
 35.158393611385748
 31.129280572527151
 35.838140632470171
 36.04248563220429
 35.590231047524597
 30.929072228488508
 110.64134369572761
 110.83768967735627
 112.36781346129852
 113.05649649073729
 114.88119926565044
 112.81794128586547
 114.83670891337164
 119.06931220949342
 108.24470386330314
 113.54926928112579
 114.14008022700391
 116.94456330198329
 -1.8213802377431421e-07
 -8.8902866934859048e-07
 -3.7132751344870485e-06
 -3.8322400541801471e-07



# name: <cell-element>
# type: matrix
# rows: 33
# columns: 1
 0
 0.045160955219069404
 0.76803481821965736
 0.089733217490936323
 0.097071009070336889
 39.216380034935653
 36.101142149326876
 38.987104902828719
 40.637734952889602
 38.893828808118514
 36.076764204933724
 38.950707869706221
 41.37218114240963
 38.93532934407034
 35.229204594664054
 38.378970871951083
 40.917632488348232
 111.00620981549007
 109.21718646967642
 104.86751632872722
 103.59209952918418
 109.63249212617714
 110.99440856890432
 110.22834948998921
 109.23890403405827
 113.16080078860483
 110.95716315550379
 106.94840737125685
 103.88887059893395
 -7.9014616858330555e-06
 -3.9851664723755675e-07
 -2.7131591338047656e-06
 -3.7640261041360645e-07





