# Created by Octave 5.2.0, Sun Jun 21 16:10:57 2020 IST <nalin@nalinspc>
# name: N1
# type: global scalar
0


# name: N2
# type: global scalar
0


# name: N3
# type: global scalar
4


# name: M
# type: global scalar
3


# name: beta
# type: global matrix
# rows: 4
# columns: 3
 300 300 300
 300 300 300
 300 300 300
 300 300 300


# name: delta
# type: global matrix
# rows: 4
# columns: 3
 1 1 1
 1 1 1
 1 1 1
 1 1 1


# name: c
# type: global cell
# rows: 1
# columns: 2
# name: <cell-element>
# type: matrix
# rows: 4
# columns: 3
 20 20 20
 20 20 20
 20 20 20
 20 20 20



# name: <cell-element>
# type: matrix
# rows: 4
# columns: 3
 15 15 15
 15 15 15
 15 15 15
 15 15 15





# name: A_u
# type: global matrix
# rows: 0
# columns: 0


# name: A_v
# type: global matrix
# rows: 0
# columns: 0


# name: A_s
# type: global matrix
# rows: 0
# columns: 0


# name: b
# type: global matrix
# rows: 0
# columns: 0


# name: alpha
# type: global cell
# rows: 1
# columns: 2
# name: <cell-element>
# type: scalar
0.90000000000000002



# name: <cell-element>
# type: scalar
0.90000000000000002





# name: x_min
# type: global cell
# rows: 1
# columns: 2
# name: <cell-element>
# type: matrix
# rows: 4
# columns: 3
 56 56 56
 56 56 56
 56 56 56
 56 56 56



# name: <cell-element>
# type: matrix
# rows: 4
# columns: 3
 57 57 57
 57 57 57
 57 57 57
 57 57 57





# name: x_max
# type: global cell
# rows: 1
# columns: 2
# name: <cell-element>
# type: matrix
# rows: 4
# columns: 3
 204.22945022583008 205.43544054031372 202.51728296279907
 204.65397924184799 207.08315849304199 207.76727735996246
 204.69499975442886 200.76018556952477 202.10641741752625
 208.14150750637054 206.94376170635223 200.35956040024757



# name: <cell-element>
# type: matrix
# rows: 4
# columns: 3
 202.46573761105537 206.81556522846222 202.37717643380165
 206.47157073020935 205.99489390850067 205.48715114593506
 204.6050488948822 206.25195622444153 205.81598460674286
 203.62271964550018 204.01733964681625 200.18969753757119





# name: x
# type: global cell
# rows: 1
# columns: 2
# name: <cell-element>
# type: matrix
# rows: 4
# columns: 3
 91.66666243555234 91.666671812032774 91.666664109376953
 91.666661332737007 91.666669275817867 91.666673541185915
 91.666665997029767 91.666659243732624 91.666666379281509
 91.666671458752774 91.66666413541806 91.666670384058065



# name: <cell-element>
# type: matrix
# rows: 4
# columns: 3
 96.666651509083636 96.666651186141792 96.666660031396248
 96.666660258125816 96.666649725534512 96.66665006960136
 96.666660305535927 96.666649651491312 96.666660933093638
 96.666649534396385 96.666650296515073 96.666653172589619





# name: w
# type: matrix
# rows: 32
# columns: 1
 4.5181587628408497
 4.5181587508101364
 4.5181588016933318
 4.5181588612757633
 4.5181588651297266
 4.5181588374619288
 4.5181587280209961
 4.5181587813848401
 4.5181587811007553
 4.5181588839932143
 4.5181588058633508
 4.5181588495518215
 0.24999999999992814
 0.24999999999999686
 0.2500000000001138
 0.24999999999996117
 4.5712684775098147
 4.5712685680171576
 4.5712685685076071
 4.5712684570820121
 4.5712684741690364
 4.5712684590593033
 4.5712684582933392
 4.5712684649659998
 4.5712685656716792
 4.5712684626186162
 4.5712685749995838
 4.5712684947184998
 0.25000000000000394
 0.25000000000011413
 0.24999999999985839
 0.25000000000002365


# name: payoffs_history
# type: cell
# rows: 1
# columns: 2
# name: <cell-element>
# type: matrix
# rows: 1
# columns: 23
 36864 215471.99999999956 113364.00277825218 125460.74923742443 105982.13924584039 106738.19039315678 102246.54113313161 102293.7945451827 101194.51136674988 101197.46468490496 100924.12141207918 100924.30598590604 100856.06614661303 100856.07761202189 100838.61289924577 100838.61362317688 100834.35632463242 100834.35636357508 100833.16778796155 100833.16778877721 100833.29846072599 100833.29846084512 100833.34738826187



# name: <cell-element>
# type: matrix
# rows: 1
# columns: 23
 37584 20016.000713866328 68403.004491408996 97168.472506014514 100192.65393845068 108896.14232249002 109085.15506253747 111355.53941214457 111367.35268332208 111940.85625428695 111941.59459287516 112085.44341791002 112085.48963385785 112121.53801072019 112121.54092674403 112130.68401577689 112130.68417619655 112133.12626789908 112133.12627586804 112133.46817175583 112133.46817185203 112133.33332317309 112133.33332318356





# name: total_iter
# type: scalar
22


# name: opti
# type: cell
# rows: 1
# columns: 2
# name: <cell-element>
# type: matrix
# rows: 29
# columns: 1
 0
 0.24999999999992814
 0.24999999999999686
 0.2500000000001138
 0.24999999999996117
 35.66666243555234
 35.666661332737007
 35.666665997029767
 35.666671458752774
 35.666671812032774
 35.666669275817867
 35.666659243732624
 35.66666413541806
 35.666664109376953
 35.666673541185915
 35.666666379281509
 35.666670384058065
 112.56278779027774
 112.98731790911098
 113.0283337573991
 116.47483604761777
 113.76876872828095
 115.41648921722413
 109.09352632579214
 115.27709757093417
 110.85061885342212
 116.10060381877655
 110.43975103824474
 108.69289001618951



# name: <cell-element>
# type: matrix
# rows: 29
# columns: 1
 0
 0.25000000000000394
 0.25000000000011413
 0.24999999999985839
 0.25000000000002365
 39.666651509083636
 39.666660258125816
 39.666660305535927
 39.666649534396385
 39.666651186141792
 39.666649725534512
 39.666649651491312
 39.666650296515073
 39.666660031396248
 39.66665006960136
 39.666660933093638
 39.666653172589619
 105.79908610197174
 109.80491047208353
 107.93838858934627
 106.9560701111038
 110.14891404232043
 109.32824418296616
 109.58530657295022
 107.35068935030118
 105.7105164024054
 108.8205010763337
 109.14932367364922
 103.52304436498157





