# Created by Octave 5.2.0, Sun Jun 21 16:21:14 2020 IST <nalin@nalinspc>
# name: N1
# type: global scalar
0


# name: N2
# type: global scalar
0


# name: N3
# type: global scalar
4


# name: M
# type: global scalar
3


# name: beta
# type: global matrix
# rows: 4
# columns: 3
 300 300 300
 300 300 300
 300 300 300
 300 300 300


# name: delta
# type: global matrix
# rows: 4
# columns: 3
 1 1 1
 1 1 1
 1 1 1
 1 1 1


# name: c
# type: global cell
# rows: 1
# columns: 2
# name: <cell-element>
# type: matrix
# rows: 4
# columns: 3
 20 20 20
 20 20 20
 20 20 20
 20 20 20



# name: <cell-element>
# type: matrix
# rows: 4
# columns: 3
 15 15 15
 15 15 15
 15 15 15
 15 15 15





# name: A_u
# type: global cell
# rows: 1
# columns: 2
# name: <cell-element>
# type: matrix
# rows: 4
# columns: 3
 0.24011242389678955 0.28766152858734129 0.23671146333217621
 0.26056543588638309 0.25789016485214233 0.26666603684425355
 0.27352587580680848 0.25665423870086673 0.28405303955078126
 0.2940350413322449 0.21866909116506578 0.22061832249164581



# name: <cell-element>
# type: matrix
# rows: 4
# columns: 3
 0.20359888859093189 0.23220472335815431 0.20686387270689011
 0.25057393312454224 0.28486132025718691 0.25343629717826843
 0.27454025149345396 0.24002964198589327 0.21756493896245957
 0.20789097920060159 0.20686319097876549 0.28019845485687256





# name: A_v
# type: global cell
# rows: 1
# columns: 2
# name: <cell-element>
# type: cell
# rows: 1
# columns: 4
# name: <cell-element>
# type: matrix
# rows: 3
# columns: 3
 0.013613104457043699 0.022745286829328928 0.015078351050359391
 0.022745286829328928 0.062957283997935307 0.043263305361985117
 0.015078351050359391 0.043263305361985117 0.052480037327661787



# name: <cell-element>
# type: matrix
# rows: 3
# columns: 3
 0.03249048808357273 0.027577508810918371 0.031909219996580904
 0.027577508810918371 0.026961594023787006 0.020518098306365643
 0.031909219996580904 0.020518098306365643 0.045284379377077508



# name: <cell-element>
# type: matrix
# rows: 3
# columns: 3
 0.034244194529098208 0.040047297623776644 0.034746525136665339
 0.040047297623776644 0.063173264201651591 0.048675016791241893
 0.034746525136665339 0.048675016791241893 0.03924157623152652



# name: <cell-element>
# type: matrix
# rows: 3
# columns: 3
 0.056863474096046251 0.018214471869676459 0.043477479966004304
 0.018214471869676459 0.0060063537076965896 0.01325360063022309
 0.043477479966004304 0.01325360063022309 0.039186631775782493






# name: <cell-element>
# type: cell
# rows: 1
# columns: 4
# name: <cell-element>
# type: matrix
# rows: 3
# columns: 3
 0.019054813529235586 0.024372409597179255 0.024499987419502919
 0.024372409597179255 0.046858188006015808 0.027686139245047484
 0.024499987419502919 0.027686139245047484 0.050787893608442415



# name: <cell-element>
# type: matrix
# rows: 3
# columns: 3
 0.016903227561085463 0.028838661044045252 0.027574899105012665
 0.028838661044045252 0.050166662187084661 0.048875646005555565
 0.027574899105012665 0.048875646005555565 0.048458741311749584



# name: <cell-element>
# type: matrix
# rows: 3
# columns: 3
 0.056360127901091489 0.02410817862320002 0.053783383528912911
 0.02410817862320002 0.021344600981832246 0.034916617899168813
 0.053783383528912911 0.034916617899168813 0.064454390962389141



# name: <cell-element>
# type: matrix
# rows: 3
# columns: 3
 0.034170302743214233 0.03303799010527271 0.032198771689935554
 0.03303799010527271 0.04715244126765103 0.039785865796912248
 0.032198771689935554 0.039785865796912248 0.03753228944046412








# name: A_s
# type: global cell
# rows: 1
# columns: 2
# name: <cell-element>
# type: cell
# rows: 1
# columns: 4
# name: <cell-element>
# type: matrix
# rows: 3
# columns: 3
 0.11204243898391723 0.032536384463310239 0.00098995435982942573
 0.18629705905914307 0.052682673931121825 0.15960960388183593
 0.081425237655639651 0.17948111295700073 0.11677541732788085



# name: <cell-element>
# type: matrix
# rows: 3
# columns: 3
 0.11020071506500244 0.10616331100463867 0.095266163349151611
 0.058513861894607541 0.083571934700012201 0.12866022586822509
 0.19552407264709473 0.082224357128143313 0.017142680287361146



# name: <cell-element>
# type: matrix
# rows: 3
# columns: 3
 0.089784073829650882 0.15836263895034791 0.033230847120285033
 0.080973148345947266 0.1726085901260376 0.16377694606781007
 0.074685490131378179 0.157221782207489 0.094577825069427496



# name: <cell-element>
# type: matrix
# rows: 3
# columns: 3
 0.14739248752593995 0.16670069694519044 0.085731011629104611
 0.057449680566787717 0.045542889833450319 0.025134301185607909
 0.077865451574325562 0.18066853284835815 0.021965529024600982






# name: <cell-element>
# type: cell
# rows: 1
# columns: 4
# name: <cell-element>
# type: matrix
# rows: 3
# columns: 3
 0.099227392673492426 0.047488844394683837 0.083387935161590571
 0.15054063796997069 0.15339804887771608 0.02578260898590088
 0.031231877207756043 0.11799403429031372 0.18944622278213502



# name: <cell-element>
# type: matrix
# rows: 3
# columns: 3
 0.11066563129425049 0.024798369407653807 0.063571900129318237
 0.19545707702636719 0.064811658859252927 0.088105857372283936
 0.19410698413848876 0.081803363561630246 0.063948649168014529



# name: <cell-element>
# type: matrix
# rows: 3
# columns: 3
 0.19018945693969727 0.11732128858566285 0.080148696899414062
 0.021729485690593721 0.13485689163208009 0.051827108860015868
 0.11400099992752075 0.19801390171051025 0.11067365407943726



# name: <cell-element>
# type: matrix
# rows: 3
# columns: 3
 0.075440943241119385 0.099952608346939087 0.1359722137451172
 0.056043297052383423 0.19935594797134398 0.065336024761199957
 0.10444953441619872 0.14700971841812133 0.070786488056182859








# name: b
# type: global cell
# rows: 1
# columns: 2
# name: <cell-element>
# type: matrix
# rows: 4
# columns: 1
 151.66731119155884
 161.29885196685791
 178.52512359619141
 184.43002462387085



# name: <cell-element>
# type: matrix
# rows: 4
# columns: 1
 170.43904304504395
 172.21518278121948
 182.8715968132019
 166.42684936523438





# name: alpha
# type: global cell
# rows: 1
# columns: 2
# name: <cell-element>
# type: scalar
0.90000000000000002



# name: <cell-element>
# type: scalar
0.90000000000000002





# name: x_min
# type: global cell
# rows: 1
# columns: 2
# name: <cell-element>
# type: matrix
# rows: 4
# columns: 3
 56 56 56
 56 56 56
 56 56 56
 56 56 56



# name: <cell-element>
# type: matrix
# rows: 4
# columns: 3
 57 57 57
 57 57 57
 57 57 57
 57 57 57





# name: x_max
# type: global cell
# rows: 1
# columns: 2
# name: <cell-element>
# type: matrix
# rows: 4
# columns: 3
 201.48409366607666 204.34599816799164 202.21297800540924
 200.58659147471189 205.48900365829468 204.99533772468567
 204.52918857336044 201.41455009579659 206.3094037771225
 200.94399735331535 204.35061603784561 208.29881906509399



# name: <cell-element>
# type: matrix
# rows: 4
# columns: 3
 206.8103438615799 200.40440939366817 206.96704506874084
 207.20241546630859 203.25442910194397 206.44955277442932
 204.13624554872513 201.24284379184246 207.87990868091583
 207.07360863685608 203.21655809879303 205.39179742336273





# name: x
# type: global cell
# rows: 1
# columns: 2
# name: <cell-element>
# type: matrix
# rows: 4
# columns: 3
 88.536722783820395 88.810996532306291 88.817617786823973
 90.136994091088894 90.167773284564802 90.285712172761805
 90.543565394336852 89.768267201256023 90.078492060317046
 91.445888639637815 91.596177184914339 91.861158949289248



# name: <cell-element>
# type: matrix
# rows: 4
# columns: 3
 97.645318231051817 97.396279698756516 97.462851923407641
 96.060762310728734 96.600207913107369 96.534741900165287
 96.270759455850495 96.570077197634163 96.753500621786017
 96.016066992286554 95.565083851470959 95.62858756740566





# name: w
# type: matrix
# rows: 32
# columns: 1
 4.4834174126571407
 4.5013306695918631
 4.5058311204497992
 4.5157474163592024
 4.4865104771544946
 4.5016720825697103
 4.4972315409339307
 4.517389537020061
 4.4865850288200146
 4.5029792216885891
 4.5006814242459035
 4.5202782952919254
 0.46780112976390614
 0.2304421214943744
 0.24828079675625686
 0.053475951985462657
 4.5813417117908495
 4.5649809319820873
 4.56716463256992
 4.5645155419669452
 4.57878801380767
 4.5705808935257561
 4.570268933374118
 4.5598075216648475
 4.5794712994888389
 4.5699029632442336
 4.5721665133926566
 4.5604718084877183
 0.16983910564256721
 0.27689188288012118
 0.27316961324154532
 0.28009939823576641


# name: payoffs_history
# type: cell
# rows: 1
# columns: 2
# name: <cell-element>
# type: matrix
# rows: 1
# columns: 31
 36864 194206.89259610677 101007.9379098763 101597.25824373562 100948.04282942211 100979.04967499213 100949.9405869209 100951.33899733725 100940.65016398281 100940.72041736146 100937.38123541413 100937.38480057131 100936.8071956783 100936.80765303757 100936.57679961767 100936.57692013049 100936.4779604121 100936.47804736314 100936.37513922644 100936.37519715483 100936.28988094366 100936.28991198288 100936.22319739431 100936.22321565753 100936.1743043295 100936.17431515826 100936.136933881 100936.13693732682 100936.1151442758 100936.11514721156 100936.10057711



# name: <cell-element>
# type: matrix
# rows: 1
# columns: 31
 37584 25925.174343311723 110897.83209430955 112909.21304110976 113049.27113749691 113698.83429332417 113705.35525414717 113836.6518690785 113836.96023642379 113862.52130069703 113862.53742394905 113866.45331966387 113866.45379800105 113867.44694152183 113867.44704329607 113867.73769738771 113867.73773107637 113868.01206940034 113868.01209253562 113868.2743727613 113868.27438824602 113868.46524989168 113868.46525910558 113868.62542833769 113868.62543378706 113868.75396287984 113868.75396630098 113868.80724673727 113868.80724814933 113868.85725284979 113868.85725359857





# name: total_iter
# type: scalar
30


# name: opti
# type: cell
# rows: 1
# columns: 2
# name: <cell-element>
# type: matrix
# rows: 33
# columns: 1
 0
 0.46780112976390614
 0.2304421214943744
 0.24828079675625686
 0.053475951985462657
 32.536722783820395
 34.136994091088894
 34.543565394336852
 35.445888639637815
 32.810996532306291
 34.167773284564802
 33.768267201256023
 35.596177184914339
 32.817617786823973
 34.285712172761805
 34.078492060317046
 35.861158949289248
 112.94737088225627
 110.449597383623
 113.98562317902359
 109.49810871367754
 115.53500163568535
 115.32123037372988
 111.64628289454056
 112.75443885293127
 113.39536021858527
 114.70962555192386
 116.23091171680545
 116.43766011580475
 -3.806935779948617e-07
 -9.8743012699742394e-07
 -8.7942814275265846e-07
 -1.9782508218213479e-06



# name: <cell-element>
# type: matrix
# rows: 33
# columns: 1
 -2.2204460492503131e-16
 0.16983910564256721
 0.27689188288012118
 0.27316961324154532
 0.28009939823576641
 40.645318231051817
 39.060762310728734
 39.270759455850495
 39.016066992286554
 40.396279698756516
 39.600207913107369
 39.570077197634163
 38.565083851470959
 40.462851923407641
 39.534741900165287
 39.753500621786017
 38.62858756740566
 109.16502563052808
 111.14165315557986
 107.86548609287463
 111.05754164456953
 103.00812969491166
 106.6542211888366
 104.6727665942083
 107.65147424732207
 109.5041931453332
 109.91481087426403
 111.12640805912982
 109.76320985595707
 -1.7161275422949984e-07
 -1.6613149966815399e-07
 -1.4615419274832675e-07
 -5.2105492898135708e-07





