# Created by Octave 5.2.0, Sun Jun 21 16:22:55 2020 IST <nalin@nalinspc>
# name: N1
# type: global scalar
0


# name: N2
# type: global scalar
0


# name: N3
# type: global scalar
4


# name: M
# type: global scalar
3


# name: beta
# type: global matrix
# rows: 4
# columns: 3
 300 300 300
 300 300 300
 300 300 300
 300 300 300


# name: delta
# type: global matrix
# rows: 4
# columns: 3
 1 1 1
 1 1 1
 1 1 1
 1 1 1


# name: c
# type: global cell
# rows: 1
# columns: 2
# name: <cell-element>
# type: matrix
# rows: 4
# columns: 3
 20 20 20
 20 20 20
 20 20 20
 20 20 20



# name: <cell-element>
# type: matrix
# rows: 4
# columns: 3
 15 15 15
 15 15 15
 15 15 15
 15 15 15





# name: A_u
# type: global cell
# rows: 1
# columns: 2
# name: <cell-element>
# type: matrix
# rows: 4
# columns: 3
 0.20128670334815979 0.25771921277046206 0.23094624578952791
 0.26451033949851988 0.24493893086910248 0.2683630049228668
 0.29950353503227234 0.24485862255096436 0.23719601035118104
 0.27685648798942564 0.2314503312110901 0.21411010026931765



# name: <cell-element>
# type: matrix
# rows: 4
# columns: 3
 0.28603678345680239 0.20460376441478731 0.29405494332313542
 0.21349465698003769 0.24650029540061952 0.23300309777259828
 0.24436569511890413 0.2531862437725067 0.25002148747444153
 0.24453386366367341 0.27541443109512331 0.20233923122286798





# name: A_v
# type: global cell
# rows: 1
# columns: 2
# name: <cell-element>
# type: cell
# rows: 1
# columns: 4
# name: <cell-element>
# type: matrix
# rows: 3
# columns: 3
 0.078507879695423 0.065425380223927618 0.051713995328893529
 0.065425380223927618 0.058222341294049469 0.034200348720700192
 0.051713995328893529 0.034200348720700192 0.058501049561596831



# name: <cell-element>
# type: matrix
# rows: 3
# columns: 3
 0.018531629826066265 0.020520871562722486 0.027048996960064287
 0.020520871562722486 0.031904345195532258 0.0290811837554752
 0.027048996960064287 0.0290811837554752 0.049956714591028947



# name: <cell-element>
# type: matrix
# rows: 3
# columns: 3
 0.035290177237433516 0.028345003063370077 0.039937059902772069
 0.028345003063370077 0.041420581509189237 0.03049195915191371
 0.039937059902772069 0.03049195915191371 0.045799770510849103



# name: <cell-element>
# type: matrix
# rows: 3
# columns: 3
 0.040967334068410577 0.039134676248309741 0.018261632890944748
 0.039134676248309741 0.047585542149514902 0.02426211700437924
 0.018261632890944748 0.02426211700437924 0.030120923982696366






# name: <cell-element>
# type: cell
# rows: 1
# columns: 4
# name: <cell-element>
# type: matrix
# rows: 3
# columns: 3
 0.045282979300759155 0.030663643146676908 0.028056481197431749
 0.030663643146676908 0.041994993080976227 0.024321686264242078
 0.028056481197431749 0.024321686264242078 0.031279639962406382



# name: <cell-element>
# type: matrix
# rows: 3
# columns: 3
 0.044579277846152787 0.057466415855999313 0.041049399146006423
 0.057466415855999313 0.077942568338412746 0.055406220595341366
 0.041049399146006423 0.055406220595341366 0.045499520164296064



# name: <cell-element>
# type: matrix
# rows: 3
# columns: 3
 0.033975950785565985 0.047536219457636766 0.035970556139726925
 0.047536219457636766 0.092352532448000638 0.0831199833819629
 0.035970556139726925 0.0831199833819629 0.079740889165103968



# name: <cell-element>
# type: matrix
# rows: 3
# columns: 3
 0.044420856999262466 0.045502742326087774 0.020542362332029676
 0.045502742326087774 0.050318957107655576 0.028546018401363185
 0.020542362332029676 0.028546018401363185 0.041935619410986856








# name: A_s
# type: global cell
# rows: 1
# columns: 2
# name: <cell-element>
# type: cell
# rows: 1
# columns: 4
# name: <cell-element>
# type: matrix
# rows: 3
# columns: 3
 0.183796226978302 0.084477120637893671 0.19388254880905151
 0.19078376293182372 0.02537553310394287 0.14553343057632445
 0.054487562179565428 0.19707162380218507 0.12920886278152466



# name: <cell-element>
# type: matrix
# rows: 3
# columns: 3
 0.05205208659172058 0.083610343933105472 0.09397616982460022
 0.074924236536026007 0.1580384850502014 0.036256602406501769
 0.16672179698944092 0.075544881820678714 0.12827130556106567



# name: <cell-element>
# type: matrix
# rows: 3
# columns: 3
 0.1358997941017151 0.053945589065551761 0.11794615983963012
 0.022133107483386993 0.03341969549655914 0.19953403472900391
 0.15543097257614136 0.082580196857452395 0.12174355983734131



# name: <cell-element>
# type: matrix
# rows: 3
# columns: 3
 0.1757931113243103 0.086938697099685672 0.050057756900787356
 0.13574832677841187 0.17052446603775023 0.0089073233306407925
 0.006738957017660141 0.13097730875015259 0.11366817951202393






# name: <cell-element>
# type: cell
# rows: 1
# columns: 4
# name: <cell-element>
# type: matrix
# rows: 3
# columns: 3
 0.10497506856918334 0.18122916221618651 0.037672337889671323
 0.035120376944541933 0.11425360441207885 0.16645619869232178
 0.14950902462005616 0.051783335208892819 0.079026436805725103



# name: <cell-element>
# type: matrix
# rows: 3
# columns: 3
 0.10890343189239501 0.12576937675476074 0.13000532388687133
 0.087810897827148432 0.1770377278327942 0.19720410108566283
 0.055767780542373656 0.18527005910873412 0.089802449941635137



# name: <cell-element>
# type: matrix
# rows: 3
# columns: 3
 0.033100539445877077 0.17064002752304078 0.061337476968765257
 0.15854918956756592 0.1811537265777588 0.18546701669692994
 0.18225650787353515 0.10841842889785766 0.18646420240402223



# name: <cell-element>
# type: matrix
# rows: 3
# columns: 3
 0.14493496417999269 0.026701268553733826 0.1506710171699524
 0.10714701414108277 0.055510431528091431 0.18909538984298707
 0.017339700460433961 0.18459485769271849 0.086946493387222296








# name: b
# type: global cell
# rows: 1
# columns: 2
# name: <cell-element>
# type: matrix
# rows: 4
# columns: 1
 178.61825466156006
 169.07444000244141
 182.82426118850708
 164.97692227363586



# name: <cell-element>
# type: matrix
# rows: 4
# columns: 1
 151.38696849346161
 185.13037443161011
 167.92481660842896
 151.95425570011139





# name: alpha
# type: global cell
# rows: 1
# columns: 2
# name: <cell-element>
# type: scalar
0.90000000000000002



# name: <cell-element>
# type: scalar
0.90000000000000002





# name: x_min
# type: global cell
# rows: 1
# columns: 2
# name: <cell-element>
# type: matrix
# rows: 4
# columns: 3
 56 56 56
 56 56 56
 56 56 56
 56 56 56



# name: <cell-element>
# type: matrix
# rows: 4
# columns: 3
 57 57 57
 57 57 57
 57 57 57
 57 57 57





# name: x_max
# type: global cell
# rows: 1
# columns: 2
# name: <cell-element>
# type: matrix
# rows: 4
# columns: 3
 204.22945022583008 205.43544054031372 202.51728296279907
 204.65397924184799 207.08315849304199 207.76727735996246
 204.69499975442886 200.76018556952477 202.10641741752625
 208.14150750637054 206.94376170635223 200.35956040024757



# name: <cell-element>
# type: matrix
# rows: 4
# columns: 3
 202.46573761105537 206.81556522846222 202.37717643380165
 206.47157073020935 205.99489390850067 205.48715114593506
 204.6050488948822 206.25195622444153 205.81598460674286
 203.62271964550018 204.01733964681625 200.18969753757119





# name: x
# type: global cell
# rows: 1
# columns: 2
# name: <cell-element>
# type: matrix
# rows: 4
# columns: 3
 93.82292402213146 94.514623108697023 93.231907660111787
 90.960560307471113 93.594785465796363 93.157636051363056
 96.209561736892681 98.326494144540803 96.761882331548804
 93.522643416631013 93.481497347658234 97.34205940129705



# name: <cell-element>
# type: matrix
# rows: 4
# columns: 3
 83.096674007134894 82.743892456822351 83.235960201281927
 91.083838663130095 86.202697077721155 87.30292743586493
 80.750640285362692 78.8793925572852 79.220215560363101
 85.157405533778402 85.093884928220277 80.638929823552246





# name: w
# type: matrix
# rows: 32
# columns: 1
 4.5414092187132189
 4.5104260093559283
 4.566528747086763
 4.5382035825538107
 4.5487545644193794
 4.5389746710961312
 4.5882935141804557
 4.537763527382106
 4.5350900199689574
 4.5342930695478039
 4.5722531391651415
 4.5782311609649158
 0.40054501079421395
 0.19440547528689525
 0.19176698332100284
 0.21328253059788793
 4.4200046770788921
 4.5117803863672572
 4.3913658913018274
 4.4445013737765278
 4.4157502043649792
 4.456701465784823
 4.3679200094189525
 4.4437551755147329
 4.4216794684073308
 4.4693839953402081
 4.3722315132246949
 4.389981533197699
 0.24504388600757462
 0.172644027116275
 0.34847746869921786
 0.23383461817693246


# name: payoffs_history
# type: cell
# rows: 1
# columns: 2
# name: <cell-element>
# type: matrix
# rows: 1
# columns: 50
 36864 197200.26468942381 115392.38936342667 115603.25752113086 115558.26743087912 115567.92637291332 115567.95581915585 115568.4691909486 115569.05855153161 115569.08613493841 115569.19270869033 115569.196408631 115569.25484083325 115569.25488641622 115569.25855545976 115569.25859403162 115569.26200493152 115569.26203708326 115569.26568147299 115569.26570769105 115569.26912203809 115569.26914317807 115569.27250293168 115569.27252001032 115569.27492171935 115569.27493526414 115569.2774328298 115569.27744341895 115569.28079440062 115569.28080271307 115569.28450995538 115569.28451603232 115569.28726780428 115569.28727224478 115569.28983807891 115569.28984145849 115569.29150029892 115569.29150299542 115569.29360734299 115569.29360956684 115569.29619864305 115569.29620053821 115569.2988012977 115569.29880294845 115569.30056736186 115569.30056884645 115569.30234248711 115569.30234383012 115569.30564323906 115569.30564446362



# name: <cell-element>
# type: matrix
# rows: 1
# columns: 50
 37584 25557.300086123258 106275.07562265747 106871.65996036268 106915.7036846532 107063.53922854879 107065.7389604596 107097.37015692101 107097.49164610569 107102.88153063151 107102.88537550285 107105.3806446887 107105.38254538868 107105.45775532292 107105.45779149595 107105.52892830774 107105.52896470837 107105.59542180985 107105.59545825954 107105.65680554221 107105.65684183061 107105.71306873247 107105.7131047272 107105.76511700857 107105.76515299786 107105.81317769157 107105.81321310735 107105.85717750007 107105.85721220128 107105.899261955 107105.89929600633 107105.93616296451 107105.9361965201 107105.96759118281 107105.96762387332 107105.99488910825 107105.9949208225 107106.0192158038 107106.01924654076 107106.04123312596 107106.04126238148 107106.06149908241 107106.06152705196 107106.0803620911 107106.08038879486 107106.09824157492 107106.09826678998 107106.11524026423 107106.11526403888 107106.13150720706





# name: total_iter
# type: scalar
49


# name: opti
# type: cell
# rows: 1
# columns: 2
# name: <cell-element>
# type: matrix
# rows: 33
# columns: 1
 0
 0.40054501079421395
 0.19440547528689525
 0.19176698332100284
 0.21328253059788793
 37.82292402213146
 34.960560307471113
 40.209561736892681
 37.522643416631013
 38.514623108697023
 37.594785465796363
 42.326494144540803
 37.481497347658234
 37.231907660111787
 37.157636051363056
 40.761882331548804
 41.34205940129705
 110.40652620369862
 113.69341893437688
 108.48543801753618
 114.61886408973953
 110.9208174316167
 113.48837302724563
 102.43369142498396
 113.462264358694
 109.28537530268729
 114.60964130859941
 105.34453508597744
 103.01750099895052
 -7.2130596606712061e-07
 -5.5985636038258235e-07
 -1.9575903422719421e-06
 -1.3574917971936884e-06



# name: <cell-element>
# type: matrix
# rows: 33
# columns: 1
 0
 0.24504388600757462
 0.172644027116275
 0.34847746869921786
 0.23383461817693246
 26.096674007134894
 34.083838663130095
 23.750640285362692
 28.157405533778402
 25.743892456822351
 29.202697077721155
 21.8793925572852
 28.093884928220277
 26.235960201281927
 30.30292743586493
 22.220215560363101
 23.638929823552246
 119.36906360392048
 115.38773206707926
 123.85440860951951
 118.46531411172178
 124.07167277163987
 119.79219683077952
 127.37256366715633
 118.92345471859598
 119.14121623251972
 118.18422371007013
 126.59576904637976
 119.55076771401895
 -1.3391017716912756e-07
 -8.0670403690419334e-08
 -3.4246727409481537e-07
 -3.252874307690945e-07





