# Created by Octave 5.2.0, Sun Jun 21 16:21:14 2020 IST <nalin@nalinspc>
# name: N1
# type: global scalar
0


# name: N2
# type: global scalar
0


# name: N3
# type: global scalar
4


# name: M
# type: global scalar
3


# name: beta
# type: global matrix
# rows: 4
# columns: 3
 300 300 300
 300 300 300
 300 300 300
 300 300 300


# name: delta
# type: global matrix
# rows: 4
# columns: 3
 1 1 1
 1 1 1
 1 1 1
 1 1 1


# name: c
# type: global cell
# rows: 1
# columns: 2
# name: <cell-element>
# type: matrix
# rows: 4
# columns: 3
 20 20 20
 20 20 20
 20 20 20
 20 20 20



# name: <cell-element>
# type: matrix
# rows: 4
# columns: 3
 15 15 15
 15 15 15
 15 15 15
 15 15 15





# name: A_u
# type: global cell
# rows: 1
# columns: 2
# name: <cell-element>
# type: matrix
# rows: 4
# columns: 3
 0.24011242389678955 0.28766152858734129 0.23671146333217621
 0.26056543588638309 0.25789016485214233 0.26666603684425355
 0.27352587580680848 0.25665423870086673 0.28405303955078126
 0.2940350413322449 0.21866909116506578 0.22061832249164581



# name: <cell-element>
# type: matrix
# rows: 4
# columns: 3
 0.20359888859093189 0.23220472335815431 0.20686387270689011
 0.25057393312454224 0.28486132025718691 0.25343629717826843
 0.27454025149345396 0.24002964198589327 0.21756493896245957
 0.20789097920060159 0.20686319097876549 0.28019845485687256





# name: A_v
# type: global cell
# rows: 1
# columns: 2
# name: <cell-element>
# type: cell
# rows: 1
# columns: 4
# name: <cell-element>
# type: matrix
# rows: 3
# columns: 3
 0.013613104457043699 0.022745286829328928 0.015078351050359391
 0.022745286829328928 0.062957283997935307 0.043263305361985117
 0.015078351050359391 0.043263305361985117 0.052480037327661787



# name: <cell-element>
# type: matrix
# rows: 3
# columns: 3
 0.03249048808357273 0.027577508810918371 0.031909219996580904
 0.027577508810918371 0.026961594023787006 0.020518098306365643
 0.031909219996580904 0.020518098306365643 0.045284379377077508



# name: <cell-element>
# type: matrix
# rows: 3
# columns: 3
 0.034244194529098208 0.040047297623776644 0.034746525136665339
 0.040047297623776644 0.063173264201651591 0.048675016791241893
 0.034746525136665339 0.048675016791241893 0.03924157623152652



# name: <cell-element>
# type: matrix
# rows: 3
# columns: 3
 0.056863474096046251 0.018214471869676459 0.043477479966004304
 0.018214471869676459 0.0060063537076965896 0.01325360063022309
 0.043477479966004304 0.01325360063022309 0.039186631775782493






# name: <cell-element>
# type: cell
# rows: 1
# columns: 4
# name: <cell-element>
# type: matrix
# rows: 3
# columns: 3
 0.019054813529235586 0.024372409597179255 0.024499987419502919
 0.024372409597179255 0.046858188006015808 0.027686139245047484
 0.024499987419502919 0.027686139245047484 0.050787893608442415



# name: <cell-element>
# type: matrix
# rows: 3
# columns: 3
 0.016903227561085463 0.028838661044045252 0.027574899105012665
 0.028838661044045252 0.050166662187084661 0.048875646005555565
 0.027574899105012665 0.048875646005555565 0.048458741311749584



# name: <cell-element>
# type: matrix
# rows: 3
# columns: 3
 0.056360127901091489 0.02410817862320002 0.053783383528912911
 0.02410817862320002 0.021344600981832246 0.034916617899168813
 0.053783383528912911 0.034916617899168813 0.064454390962389141



# name: <cell-element>
# type: matrix
# rows: 3
# columns: 3
 0.034170302743214233 0.03303799010527271 0.032198771689935554
 0.03303799010527271 0.04715244126765103 0.039785865796912248
 0.032198771689935554 0.039785865796912248 0.03753228944046412








# name: A_s
# type: global cell
# rows: 1
# columns: 2
# name: <cell-element>
# type: cell
# rows: 1
# columns: 4
# name: <cell-element>
# type: matrix
# rows: 3
# columns: 3
 0.11204243898391723 0.032536384463310239 0.00098995435982942573
 0.18629705905914307 0.052682673931121825 0.15960960388183593
 0.081425237655639651 0.17948111295700073 0.11677541732788085



# name: <cell-element>
# type: matrix
# rows: 3
# columns: 3
 0.11020071506500244 0.10616331100463867 0.095266163349151611
 0.058513861894607541 0.083571934700012201 0.12866022586822509
 0.19552407264709473 0.082224357128143313 0.017142680287361146



# name: <cell-element>
# type: matrix
# rows: 3
# columns: 3
 0.089784073829650882 0.15836263895034791 0.033230847120285033
 0.080973148345947266 0.1726085901260376 0.16377694606781007
 0.074685490131378179 0.157221782207489 0.094577825069427496



# name: <cell-element>
# type: matrix
# rows: 3
# columns: 3
 0.14739248752593995 0.16670069694519044 0.085731011629104611
 0.057449680566787717 0.045542889833450319 0.025134301185607909
 0.077865451574325562 0.18066853284835815 0.021965529024600982






# name: <cell-element>
# type: cell
# rows: 1
# columns: 4
# name: <cell-element>
# type: matrix
# rows: 3
# columns: 3
 0.099227392673492426 0.047488844394683837 0.083387935161590571
 0.15054063796997069 0.15339804887771608 0.02578260898590088
 0.031231877207756043 0.11799403429031372 0.18944622278213502



# name: <cell-element>
# type: matrix
# rows: 3
# columns: 3
 0.11066563129425049 0.024798369407653807 0.063571900129318237
 0.19545707702636719 0.064811658859252927 0.088105857372283936
 0.19410698413848876 0.081803363561630246 0.063948649168014529



# name: <cell-element>
# type: matrix
# rows: 3
# columns: 3
 0.19018945693969727 0.11732128858566285 0.080148696899414062
 0.021729485690593721 0.13485689163208009 0.051827108860015868
 0.11400099992752075 0.19801390171051025 0.11067365407943726



# name: <cell-element>
# type: matrix
# rows: 3
# columns: 3
 0.075440943241119385 0.099952608346939087 0.1359722137451172
 0.056043297052383423 0.19935594797134398 0.065336024761199957
 0.10444953441619872 0.14700971841812133 0.070786488056182859








# name: b
# type: global cell
# rows: 1
# columns: 2
# name: <cell-element>
# type: matrix
# rows: 4
# columns: 1
 151.66731119155884
 161.29885196685791
 178.52512359619141
 184.43002462387085



# name: <cell-element>
# type: matrix
# rows: 4
# columns: 1
 170.43904304504395
 172.21518278121948
 182.8715968132019
 166.42684936523438





# name: alpha
# type: global cell
# rows: 1
# columns: 2
# name: <cell-element>
# type: scalar
0.90000000000000002



# name: <cell-element>
# type: scalar
0.90000000000000002





# name: x_min
# type: global cell
# rows: 1
# columns: 2
# name: <cell-element>
# type: matrix
# rows: 4
# columns: 3
 56 56 56
 56 56 56
 56 56 56
 56 56 56



# name: <cell-element>
# type: matrix
# rows: 4
# columns: 3
 57 57 57
 57 57 57
 57 57 57
 57 57 57





# name: x_max
# type: global cell
# rows: 1
# columns: 2
# name: <cell-element>
# type: matrix
# rows: 4
# columns: 3
 201.48409366607666 204.34599816799164 202.21297800540924
 200.58659147471189 205.48900365829468 204.99533772468567
 204.52918857336044 201.41455009579659 206.3094037771225
 200.94399735331535 204.35061603784561 208.29881906509399



# name: <cell-element>
# type: matrix
# rows: 4
# columns: 3
 206.8103438615799 200.40440939366817 206.96704506874084
 207.20241546630859 203.25442910194397 206.44955277442932
 204.13624554872513 201.24284379184246 207.87990868091583
 207.07360863685608 203.21655809879303 205.39179742336273





# name: x
# type: global cell
# rows: 1
# columns: 2
# name: <cell-element>
# type: matrix
# rows: 4
# columns: 3
 88.536722783820395 88.810996532306291 88.817617786823973
 90.136994091088894 90.167773284564802 90.285712172761805
 90.543565394336852 89.768267201256023 90.078492060317046
 91.445888639637815 91.596177184914339 91.861158949289248



# name: <cell-element>
# type: matrix
# rows: 4
# columns: 3
 97.645318231051817 97.396279698756516 97.462851923407641
 96.060762310728734 96.600207913107369 96.534741900165287
 96.270759455850495 96.570077197634163 96.753500621786017
 96.016066992286554 95.565083851470959 95.62858756740566





