# Created by Octave 5.2.0, Sun Jun 21 16:07:48 2020 IST <nalin@nalinspc>
# name: N1
# type: global scalar
0


# name: N2
# type: global scalar
0


# name: N3
# type: global scalar
4


# name: M
# type: global scalar
3


# name: beta
# type: global matrix
# rows: 4
# columns: 3
 300 300 300
 300 300 300
 300 300 300
 300 300 300


# name: delta
# type: global matrix
# rows: 4
# columns: 3
 1 1 1
 1 1 1
 1 1 1
 1 1 1


# name: c
# type: global cell
# rows: 1
# columns: 2
# name: <cell-element>
# type: matrix
# rows: 4
# columns: 3
 20 20 20
 20 20 20
 20 20 20
 20 20 20



# name: <cell-element>
# type: matrix
# rows: 4
# columns: 3
 15 15 15
 15 15 15
 15 15 15
 15 15 15





# name: A_u
# type: global matrix
# rows: 0
# columns: 0


# name: A_v
# type: global matrix
# rows: 0
# columns: 0


# name: A_s
# type: global matrix
# rows: 0
# columns: 0


# name: b
# type: global matrix
# rows: 0
# columns: 0


# name: alpha
# type: global cell
# rows: 1
# columns: 2
# name: <cell-element>
# type: scalar
0.90000000000000002



# name: <cell-element>
# type: scalar
0.90000000000000002





# name: x_min
# type: global cell
# rows: 1
# columns: 2
# name: <cell-element>
# type: matrix
# rows: 4
# columns: 3
 56 56 56
 56 56 56
 56 56 56
 56 56 56



# name: <cell-element>
# type: matrix
# rows: 4
# columns: 3
 57 57 57
 57 57 57
 57 57 57
 57 57 57





# name: x_max
# type: global cell
# rows: 1
# columns: 2
# name: <cell-element>
# type: matrix
# rows: 4
# columns: 3
 200.63088126480579 206.1236172914505 201.3874788582325
 201.66561752557755 200.36888927221298 203.77881944179535
 202.26309955120087 203.69086682796478 203.75022381544113
 209.24468994140625 202.24428445100784 200.13536460697651



# name: <cell-element>
# type: matrix
# rows: 4
# columns: 3
 209.51996743679047 202.78528451919556 203.02859306335449
 207.19062566757202 205.80140471458435 202.93571472167969
 204.39593195915222 202.78497457504272 202.75353938341141
 204.23576295375824 205.60587406158447 203.15384119749069





# name: x
# type: global cell
# rows: 1
# columns: 2
# name: <cell-element>
# type: matrix
# rows: 4
# columns: 3
 91.666662688847481 91.666665605938093 91.666659258127851
 91.666673603934086 91.666667751076432 91.666663932947401
 91.666673656058549 91.666670884429323 91.666660924613865
 91.666676411185165 91.666669569676941 91.66665822018787



# name: <cell-element>
# type: matrix
# rows: 4
# columns: 3
 96.66665183616459 96.666648429697915 96.6666538898711
 96.666645585674345 96.666652944182161 96.6666616316286
 96.666647554689789 96.666649691024361 96.666656722551465
 96.666650682923532 96.666649492754772 96.666656077238926





# name: w
# type: matrix
# rows: 32
# columns: 1
 4.5181587656040696
 4.5181588846777396
 4.5181588852463701
 4.5181589153022941
 4.5181587974268771
 4.5181588208283863
 4.5181588550104168
 4.518158840667664
 4.5181587281780349
 4.5181587791760691
 4.5181587463578836
 4.5181587168550523
 0.24999999999991049
 0.2499999999999783
 0.25000000000000144
 0.25000000000010975
 4.5712684808934112
 4.5712684162331554
 4.5712684366022849
 4.5712684689633294
 4.5712684456540948
 4.5712684923556637
 4.5712684587023018
 4.5712684566512367
 4.5712685021386541
 4.5712685822258079
 4.5712685314422474
 4.5712685247665998
 0.25000000000002548
 0.25000000000000477
 0.25000000000001815
 0.24999999999995162


# name: payoffs_history
# type: cell
# rows: 1
# columns: 2
# name: <cell-element>
# type: matrix
# rows: 1
# columns: 23
 36864 215471.99999999983 113364.00115020236 125460.7517882536 105982.13098329876 106738.17738048334 102246.540832499 102293.79384073851 101194.50858741254 101197.46192150001 100924.05794473834 100924.24225194033 100855.97288708125 100855.98433201102 100839.0119875903 100839.01272187373 100834.56658306463 100834.56663119014 100833.15012612144 100833.15012750123 100833.29153959634 100833.29153975766 100833.34941731303



# name: <cell-element>
# type: matrix
# rows: 1
# columns: 23
 37584 20015.999774489195 68402.998581161199 97168.4995135153 100192.68758325635 108896.15306336424 109085.16512718311 111355.53929090468 111367.35254552195 111940.99337165632 111941.732048431 112085.5232890094 112085.56947030338 112121.26902721857 112121.27186969321 112130.33358349185 112130.33376315421 112133.04607750574 112133.04608868084 112133.49120988233 112133.49120998954 112133.33309096975 112133.33309098522





# name: total_iter
# type: scalar
22


# name: opti
# type: cell
# rows: 1
# columns: 2
# name: <cell-element>
# type: matrix
# rows: 29
# columns: 1
 0
 0.24999999999991049
 0.2499999999999783
 0.25000000000000144
 0.25000000000010975
 35.666662688847481
 35.666673603934086
 35.666673656058549
 35.666676411185165
 35.666665605938093
 35.666667751076432
 35.666670884429323
 35.666669569676941
 35.666659258127851
 35.666663932947401
 35.666660924613865
 35.66665822018787
 108.96421857595831
 109.99894392164346
 110.59642589514232
 117.57801353022109
 114.45695168551241
 108.70222152113655
 112.02419594353546
 110.5776148813309
 109.72081960010465
 112.11215550884795
 112.08356289082727
 108.46870638678864



# name: <cell-element>
# type: matrix
# rows: 29
# columns: 1
 0
 0.25000000000002548
 0.25000000000000477
 0.25000000000001815
 0.24999999999995162
 39.66665183616459
 39.666645585674345
 39.666647554689789
 39.666650682923532
 39.666648429697915
 39.666652944182161
 39.666649691024361
 39.666649492754772
 39.6666538898711
 39.6666616316286
 39.666656722551465
 39.666656077238926
 112.85331560062588
 110.52398008189768
 107.72928440446243
 107.56911227083471
 106.11863608949764
 109.13475177040219
 106.11832488401836
 108.9392245688297
 106.36193917348339
 106.26905309005109
 106.08688266085994
 106.48718512025177





