# Created by Octave 5.2.0, Sun Jun 21 16:13:46 2020 IST <nalin@nalinspc>
# name: N1
# type: global scalar
0


# name: N2
# type: global scalar
0


# name: N3
# type: global scalar
4


# name: M
# type: global scalar
3


# name: beta
# type: global matrix
# rows: 4
# columns: 3
 300 300 300
 300 300 300
 300 300 300
 300 300 300


# name: delta
# type: global matrix
# rows: 4
# columns: 3
 1 1 1
 1 1 1
 1 1 1
 1 1 1


# name: c
# type: global cell
# rows: 1
# columns: 2
# name: <cell-element>
# type: matrix
# rows: 4
# columns: 3
 20 20 20
 20 20 20
 20 20 20
 20 20 20



# name: <cell-element>
# type: matrix
# rows: 4
# columns: 3
 15 15 15
 15 15 15
 15 15 15
 15 15 15





# name: A_u
# type: global cell
# rows: 1
# columns: 2
# name: <cell-element>
# type: matrix
# rows: 4
# columns: 3
 0.26719530224800114 0.21702707558870316 0.20012887991033496
 0.21717150658369067 0.20035379757173361 0.24799935519695282
 0.28777165412902833 0.28640601634979246 0.29948044419288633
 0.28299919962882997 0.27807543873786927 0.29220877289772035



# name: <cell-element>
# type: matrix
# rows: 4
# columns: 3
 0.29678201675415039 0.23581531047821047 0.24776194989681244
 0.25844604372978214 0.20683260262012482 0.27820143103599548
 0.20646045804023744 0.29530698657035825 0.26054282784461974
 0.20481921173632145 0.25279951691627506 0.23664994835853578





# name: A_v
# type: global cell
# rows: 1
# columns: 2
# name: <cell-element>
# type: cell
# rows: 1
# columns: 4
# name: <cell-element>
# type: matrix
# rows: 3
# columns: 3
 0.025079885250359053 0.035236420144497627 0.047449265304028071
 0.035236420144497627 0.055279448778210567 0.073408851189095695
 0.047449265304028071 0.073408851189095695 0.098584721504981876



# name: <cell-element>
# type: matrix
# rows: 3
# columns: 3
 0.058223143787816976 0.037508803299046177 0.062163928458724343
 0.037508803299046177 0.031290517611357982 0.047051432686688904
 0.062163928458724343 0.047051432686688904 0.074783306514314904



# name: <cell-element>
# type: matrix
# rows: 3
# columns: 3
 0.055022991158847533 0.051766837260981045 0.072944759710584034
 0.051766837260981045 0.056242517679969663 0.075761274864077702
 0.072944759710584034 0.075761274864077702 0.10488003318805994



# name: <cell-element>
# type: matrix
# rows: 3
# columns: 3
 0.009272637015330867 0.010265301860796546 0.0087528504312335189
 0.010265301860796546 0.043498619040258577 0.020872282746987145
 0.0087528504312335189 0.020872282746987145 0.020004294107566701






# name: <cell-element>
# type: cell
# rows: 1
# columns: 4
# name: <cell-element>
# type: matrix
# rows: 3
# columns: 3
 0.067086530376525524 0.047768971002280794 0.01361075768363719
 0.047768971002280794 0.040400165197939063 0.011464218554196385
 0.01361075768363719 0.011464218554196385 0.019108962666842175



# name: <cell-element>
# type: matrix
# rows: 3
# columns: 3
 0.047572677531700698 0.038503107828935797 0.055305857954937643
 0.038503107828935797 0.040911631786303984 0.040962782448341881
 0.055305857954937643 0.040962782448341881 0.066300168526973235



# name: <cell-element>
# type: matrix
# rows: 3
# columns: 3
 0.038657789547068402 0.032968129361883383 0.049999399132399702
 0.032968129361883383 0.047323601421573928 0.037737673643295153
 0.049999399132399702 0.037737673643295153 0.066252392116112585



# name: <cell-element>
# type: matrix
# rows: 3
# columns: 3
 0.053874023381941069 0.047750777857293369 0.037289560334972834
 0.047750777857293369 0.052629300510814436 0.03982132878019716
 0.037289560334972834 0.03982132878019716 0.030421671922818982








# name: A_s
# type: global cell
# rows: 1
# columns: 2
# name: <cell-element>
# type: cell
# rows: 1
# columns: 4
# name: <cell-element>
# type: matrix
# rows: 3
# columns: 3
 0.12275094985961914 0.061188215017318727 0.079171282052993772
 0.13694329261779786 0.15306128263473512 0.11444748640060425
 0.17773971557617188 0.18598554134368897 0.1800074815750122



# name: <cell-element>
# type: matrix
# rows: 3
# columns: 3
 0.14983551502227782 0.15424599647521972 0.10945608615875244
 0.077999675273895258 0.06443976163864136 0.14510025978088378
 0.11234920024871826 0.15569862127304077 0.19472776651382445



# name: <cell-element>
# type: matrix
# rows: 3
# columns: 3
 0.1825110673904419 0.10695035457611084 0.10136233568191529
 0.12821369171142577 0.10368646383285522 0.17044906616210936
 0.18648506402969361 0.17827919721603394 0.19575464725494385



# name: <cell-element>
# type: matrix
# rows: 3
# columns: 3
 0.03498559594154358 0.044082614779472354 0.07813685536384582
 0.19616447687149047 0.070745545625686648 0.0036310918629169466
 0.060257017612457275 0.12727210521697999 0.013236206769943238






# name: <cell-element>
# type: cell
# rows: 1
# columns: 4
# name: <cell-element>
# type: matrix
# rows: 3
# columns: 3
 0.036002910137176512 0.17634539604187011 0.18625955581665038
 0.020163646340370177 0.18398706912994384 0.078373152017593387
 0.13018323183059693 0.046311706304550171 0.004063825309276581



# name: <cell-element>
# type: matrix
# rows: 3
# columns: 3
 0.13004988431930542 0.1141173005104065 0.13280416727066041
 0.17956506013870238 0.030324816703796387 0.088025146722793574
 0.11583827733993531 0.14366980791091918 0.17955681085586547



# name: <cell-element>
# type: matrix
# rows: 3
# columns: 3
 0.11816781759262085 0.13081511259078979 0.087072169780731207
 0.11671249866485596 0.025591832399368287 0.18178793191909789
 0.16319035291671752 0.18356406688690186 0.07697749137878418



# name: <cell-element>
# type: matrix
# rows: 3
# columns: 3
 0.11100659370422364 0.10571743249893188 0.17428535223007202
 0.09390228390693664 0.181656813621521 0.10398299694061279
 0.062657672166824344 0.13357311487197876 0.093026399612426758








# name: b
# type: global cell
# rows: 1
# columns: 2
# name: <cell-element>
# type: matrix
# rows: 4
# columns: 1
 175.20693778991699
 155.76736450195312
 171.23459815979004
 158.41415345668793



# name: <cell-element>
# type: matrix
# rows: 4
# columns: 1
 180.01188039779663
 150.14805296435952
 187.28620529174805
 165.6253981590271





# name: alpha
# type: global cell
# rows: 1
# columns: 2
# name: <cell-element>
# type: scalar
0.90000000000000002



# name: <cell-element>
# type: scalar
0.90000000000000002





# name: x_min
# type: global cell
# rows: 1
# columns: 2
# name: <cell-element>
# type: matrix
# rows: 4
# columns: 3
 56 56 56
 56 56 56
 56 56 56
 56 56 56



# name: <cell-element>
# type: matrix
# rows: 4
# columns: 3
 57 57 57
 57 57 57
 57 57 57
 57 57 57





# name: x_max
# type: global cell
# rows: 1
# columns: 2
# name: <cell-element>
# type: matrix
# rows: 4
# columns: 3
 201.28516659140587 202.36213013529778 208.86562466621399
 205.84531903266907 207.95330107212067 204.50399369001389
 202.70526319742203 208.61256062984467 202.5422590970993
 201.77138388156891 205.82600772380829 205.63067317008972



# name: <cell-element>
# type: matrix
# rows: 4
# columns: 3
 204.60101634263992 209.88169848918915 207.45560765266418
 205.24170696735382 203.10931235551834 207.03597545623779
 208.97940754890442 206.14260792732239 200.58307506144047
 205.03339111804962 204.40795868635178 202.614905834198





# name: x
# type: global cell
# rows: 1
# columns: 2
# name: <cell-element>
# type: matrix
# rows: 4
# columns: 3
 79.220590597942106 83.121292656431933 83.23304561769703
 85.717672555001087 81.483521667939371 81.489716254360715
 73.362480421750263 77.055795452342721 73.387243017472812
 87.014411691954606 91.377864401312223 93.821408143816214



# name: <cell-element>
# type: matrix
# rows: 4
# columns: 3
 96.845349510292166 91.083550028177882 92.65679445172573
 78.582174420410979 85.486853595286235 79.873980406838228
 94.287768728352447 91.812414792062469 94.721441613200312
 89.835806974341367 83.851586594648566 83.728896071741545





# name: w
# type: matrix
# rows: 32
# columns: 1
 4.3722362473280878
 4.4510590185218888
 4.295412639014426
 4.4660737565675293
 4.420300898359554
 4.4004008116805995
 4.3445297757102654
 4.5150032653357908
 4.4216444518759248
 4.4004768313572447
 4.2957501196634826
 4.5413930617816689
 0.21474339601874068
 0.36452021771419196
 0.34979485739844757
 0.07094152886862011
 4.5731153712534827
 4.3641448851703606
 4.5463514752709013
 4.4979836371943192
 4.5117772174690884
 4.44836260500111
 4.5197475258689952
 4.4290484099106981
 4.5289022846536966
 4.380450147756612
 4.5509403907538326
 4.4275841517479799
 0.12768187414702203
 0.42594127223444594
 0.23695037644486283
 0.20942647717366908


# name: payoffs_history
# type: cell
# rows: 1
# columns: 2
# name: <cell-element>
# type: matrix
# rows: 1
# columns: 117
 36864 183957.38184035028 107746.36537533259 108068.13348113967 107701.9072483858 107709.77225879555 107672.16564943874 107672.53663785386 107668.20793720472 107668.22172862774 107667.72552312569 107667.72684109106 107667.57386433615 107667.5739738713 107667.53861731049 107667.53887452111 107667.31332461386 107667.3134787055 107667.27542707098 107667.27608630819 107667.04340196497 107667.04396357207 107667.02859759821 107667.02870492058 107667.0116923811 107667.01178854401 107666.99357444198 107666.99364696926 107666.97424626848 107666.97430481923 107666.95420994872 107666.9544129175 107666.93538902557 107666.935442574 107666.91419482384 107666.91424879275 107666.89854213694 107666.89872358189 107666.87708450502 107666.87713377306 107666.86112169505 107666.86116996843 107666.84473208373 107666.84477889194 107666.82774435465 107666.82779182488 107666.81084334584 107666.81088984373 107666.79377869856 107666.79382387557 107666.7764631327 107666.77650888305 107666.75924475354 107666.75928985886 107666.74158167574 107666.7416241919 107666.60472875059 107666.60477697321 107666.59425759525 107666.59430809179 107666.5839688296 107666.58401621139 107666.57414729403 107666.57419598933 107666.56431942931 107666.56436435219 107666.55435868091 107666.55440685697 107666.5448583711 107666.54490151253 107666.53532966283 107666.53537509634 107666.52578975126 107666.52583109 107666.51663960266 107666.51668273975 107666.50682821361 107666.50686747856 107666.49863006047 107666.4986688472 107666.49027205547 107666.49030915061 107666.48129346812 107666.48132652127 107666.47572919422 107666.47576098971 107666.47021904282 107666.47025038062 107666.46481651027 107666.46484691085 107666.45953498904 107666.45956421102 107666.4544514718 107666.45448000099 107666.4491185808 107666.44914630961 107666.44397557479 107666.44400245159 107666.43876332417 107666.4387910114 107666.43348047804 107666.4335070513 107666.42832655823 107666.42835146299 107666.42349571682 107666.42352008884 107666.41830698791 107666.41833042288 107666.4133107727 107666.41333396824 107666.40823654522 107666.40825850173 107666.40311426505 107666.40313572332 107666.39817287051 107666.39819389416 107666.39322668675



# name: <cell-element>
# type: matrix
# rows: 1
# columns: 117
 37584 27244.173919334189 119625.55984291133 120666.18933224482 120711.07865762984 120882.96435493778 120884.59356488692 120911.21344361923 120911.29944776617 120914.33614067041 120914.34114050018 120914.87578546727 120914.87701025579 120914.94148777422 120914.94189088882 120915.07631250712 120915.07785289796 120915.17375940384 120915.17400221684 120915.42763072209 120915.4286646848 120915.66646210023 120915.66654257043 120915.74726948168 120915.74734729098 120915.82068861087 120915.82076501189 120915.88202894852 120915.88210317839 120915.92039032705 120915.92046138714 120916.03731239124 120916.03738442718 120916.07536422941 120916.07543348416 120916.11450891411 120916.11457446637 120916.20374498834 120916.20381222499 120916.2429773122 120916.24304082067 120916.28123802491 120916.28129897194 120916.31885532693 120916.31891386141 120916.35578929454 120916.35584537074 120916.39321227378 120916.39326583603 120916.4297145629 120916.42976566705 120916.46659803575 120916.46664642848 120916.50392652804 120916.5039725902 120916.53495702951 120916.53515059307 120916.56418134773 120916.56420496837 120916.60066778935 120916.60068989935 120916.63116936802 120916.63119006557 120916.66883144381 120916.66885071265 120916.69866232725 120916.69868005796 120916.73609006099 120916.73610652136 120916.76717958575 120916.76719488906 120916.80470043962 120916.80471471025 120916.83598708702 120916.83600035631 120916.87422223875 120916.87423472009 120916.90529808271 120916.90530972937 120916.93623480512 120916.93624568349 120916.9661685746 120916.96617878346 120916.98576696872 120916.98577600182 120917.00415935936 120917.00416779293 120917.02204013783 120917.02204801381 120917.03952812406 120917.03953551064 120917.05719199168 120917.05719892216 120917.07452795855 120917.07453446239 120917.09142501345 120917.0914311196 120917.10859729568 120917.10860303772 120917.12738185299 120917.12738732231 120917.14511730213 120917.14512251882 120917.16091881788 120917.16092373585 120917.17797532394 120917.17798002307 120917.19451007122 120917.19451453025 120917.21164545549 120917.21164972751 120917.22713491373 120917.22713900216 120917.24346056665 120917.24346447043 120917.25852404709 120917.25852781473





# name: total_iter
# type: scalar
116


# name: opti
# type: cell
# rows: 1
# columns: 2
# name: <cell-element>
# type: matrix
# rows: 33
# columns: 1
 -4.4408920985006262e-16
 0.21474339601874068
 0.36452021771419196
 0.34979485739844757
 0.07094152886862011
 23.220590597942106
 29.717672555001087
 17.362480421750263
 31.014411691954606
 27.121292656431933
 25.483521667939371
 21.055795452342721
 35.377864401312223
 27.23304561769703
 25.489716254360715
 17.387243017472812
 37.821408143816214
 122.06457599346376
 120.12764647766798
 129.34278277567176
 114.7569721896143
 119.24083747886584
 126.4697794041813
 131.55676517750194
 114.44814332249607
 125.63257904851696
 123.01427743565317
 129.15501607962648
 111.80926502627351
 -3.1335034123003425e-07
 -6.25713823865226e-07
 -2.3321977948853601e-07
 -1.2766059001023677e-06



# name: <cell-element>
# type: matrix
# rows: 33
# columns: 1
 0
 0.12768187414702203
 0.42594127223444594
 0.23695037644486283
 0.20942647717366908
 39.845349510292166
 21.582174420410979
 37.287768728352447
 32.835806974341367
 34.083550028177882
 28.486853595286235
 34.812414792062469
 26.851586594648566
 35.65679445172573
 22.873980406838228
 37.721441613200312
 26.728896071741545
 107.75566683234776
 126.65953254694284
 114.69163882055197
 115.19758414370826
 118.79814846101127
 117.62245876023211
 114.33019313525992
 120.55637209170321
 114.79881320093845
 127.16199504939956
 105.86163344824016
 118.88600976245645
 -7.2704004594470462e-07
 -1.3758414780795647e-06
 -4.5494877554119739e-07
 -3.3986472942615364e-06





