# Created by Octave 5.2.0, Sun Jun 21 16:19:24 2020 IST <nalin@nalinspc>
# name: N1
# type: global scalar
0


# name: N2
# type: global scalar
0


# name: N3
# type: global scalar
4


# name: M
# type: global scalar
3


# name: beta
# type: global matrix
# rows: 4
# columns: 3
 300 300 300
 300 300 300
 300 300 300
 300 300 300


# name: delta
# type: global matrix
# rows: 4
# columns: 3
 1 1 1
 1 1 1
 1 1 1
 1 1 1


# name: c
# type: global cell
# rows: 1
# columns: 2
# name: <cell-element>
# type: matrix
# rows: 4
# columns: 3
 20 20 20
 20 20 20
 20 20 20
 20 20 20



# name: <cell-element>
# type: matrix
# rows: 4
# columns: 3
 15 15 15
 15 15 15
 15 15 15
 15 15 15





# name: A_u
# type: global cell
# rows: 1
# columns: 2
# name: <cell-element>
# type: matrix
# rows: 4
# columns: 3
 0.20482194684445859 0.23756540417671204 0.21298683136701585
 0.2206572711467743 0.24614223241806032 0.26383774876594546
 0.23022978603839875 0.20964693799614909 0.29548144340515137
 0.28933264613151555 0.29736701250076292 0.26479868888854985



# name: <cell-element>
# type: matrix
# rows: 4
# columns: 3
 0.26620239615440366 0.21153966337442398 0.26154539585113529
 0.21237274408340456 0.28212969899177553 0.25415828824043274
 0.2914978563785553 0.28476862907409672 0.29680401086807251
 0.24681949615478516 0.22594445049762726 0.27663049697875974





# name: A_v
# type: global cell
# rows: 1
# columns: 2
# name: <cell-element>
# type: cell
# rows: 1
# columns: 4
# name: <cell-element>
# type: matrix
# rows: 3
# columns: 3
 0.024966666589623682 0.0096409990511818582 0.035417115830189375
 0.0096409990511818582 0.036577557917724463 0.043301647899864196
 0.035417115830189375 0.043301647899864196 0.086271180464879804



# name: <cell-element>
# type: matrix
# rows: 3
# columns: 3
 0.020875737927404752 0.01079072984935575 0.01865729576748892
 0.01079072984935575 0.010509329970006939 0.0089502083259614552
 0.01865729576748892 0.0089502083259614552 0.028521613172036112



# name: <cell-element>
# type: matrix
# rows: 3
# columns: 3
 0.061659088229013018 0.048224960157201409 0.031760461684791304
 0.048224960157201409 0.060839819836109685 0.029637393543522714
 0.031760461684791304 0.029637393543522714 0.024466810641634858



# name: <cell-element>
# type: matrix
# rows: 3
# columns: 3
 0.076533281826114602 0.06538008226040716 0.051877010050512803
 0.06538008226040716 0.061328360357601502 0.046723123067484808
 0.051877010050512803 0.046723123067484808 0.039358784481629702






# name: <cell-element>
# type: cell
# rows: 1
# columns: 4
# name: <cell-element>
# type: matrix
# rows: 3
# columns: 3
 0.041394722436940729 0.03551150235354996 0.023925521135109949
 0.03551150235354996 0.031062873495811518 0.019173069088656191
 0.023925521135109949 0.019173069088656191 0.021599203684879633



# name: <cell-element>
# type: matrix
# rows: 3
# columns: 3
 0.091901755626818293 0.04804697010855629 0.052433275316320374
 0.04804697010855629 0.041739611189116399 0.02191776910199536
 0.052433275316320374 0.02191776910199536 0.037360252568858707



# name: <cell-element>
# type: matrix
# rows: 3
# columns: 3
 0.037169940410657083 0.038845506357160012 0.0065251761573862851
 0.038845506357160012 0.041693604154112829 0.010032128162407648
 0.0065251761573862851 0.010032128162407648 0.024312357728060164



# name: <cell-element>
# type: matrix
# rows: 3
# columns: 3
 0.045772809442832206 0.058103854187186103 0.033639828398496545
 0.058103854187186103 0.077402171247384355 0.045719350927454702
 0.033639828398496545 0.045719350927454702 0.037489432116222368








# name: A_s
# type: global cell
# rows: 1
# columns: 2
# name: <cell-element>
# type: cell
# rows: 1
# columns: 4
# name: <cell-element>
# type: matrix
# rows: 3
# columns: 3
 0.059119498729705809 0.14596848487854003 0.012835609912872314
 0.045485880970954892 0.031527921557426453 0.18306988477706909
 0.19298803806304932 0.1501636028289795 0.16271966695785522



# name: <cell-element>
# type: matrix
# rows: 3
# columns: 3
 0.073781734704971319 0.077084934711456304 0.097416150569915774
 0.097829890251159665 0.026127657294273375 0.015999627113342286
 0.043527886271476746 0.16002349853515624 0.031928297877311704



# name: <cell-element>
# type: matrix
# rows: 3
# columns: 3
 0.14625785350799561 0.19905775785446167 0.025371983647346497
 0.11237322092056275 0.13792343139648439 0.17084848880767822
 0.00677633062005043 0.14829108715057374 0.04930157661437988



# name: <cell-element>
# type: matrix
# rows: 3
# columns: 3
 0.16672477722167969 0.16630401611328124 0.145186448097229
 0.12695190906524659 0.10390691757202149 0.18551260232925415
 0.063076299428939817 0.13015393018722535 0.13579440116882324






# name: <cell-element>
# type: cell
# rows: 1
# columns: 4
# name: <cell-element>
# type: matrix
# rows: 3
# columns: 3
 0.15631458759307862 0.091254985332489019 0.092913937568664548
 0.14290775060653688 0.085305488109588629 0.057993292808532715
 0.034103298187255861 0.09501187205314636 0.10681251287460328



# name: <cell-element>
# type: matrix
# rows: 3
# columns: 3
 0.18026930093765259 0.18984668254852294 0.15284950733184816
 0.10820070505142212 0.011101525276899338 0.17294211387634278
 0.1580056667327881 0.10935888290405274 0.020858968794345855



# name: <cell-element>
# type: matrix
# rows: 3
# columns: 3
 0.18533769845962525 0.028456717729568481 0.044834062457084656
 0.19369660615921019 0.057695525884628299 0.029093903303146363
 0.00024180961772799492 0.14733967781066895 0.051022726297378543



# name: <cell-element>
# type: matrix
# rows: 3
# columns: 3
 0.15961754322052002 0.088704854249954224 0.11147420406341553
 0.1708704113960266 0.10576517581939697 0.19240374565124513
 0.04963257908821106 0.15103447437286377 0.11051980257034302








# name: b
# type: global cell
# rows: 1
# columns: 2
# name: <cell-element>
# type: matrix
# rows: 4
# columns: 1
 186.74907207489014
 188.33953380584717
 158.02655875682831
 176.85186147689819



# name: <cell-element>
# type: matrix
# rows: 4
# columns: 1
 175.52583456039429
 164.02319312095642
 154.4495689868927
 177.21450805664062





# name: alpha
# type: global cell
# rows: 1
# columns: 2
# name: <cell-element>
# type: scalar
0.90000000000000002



# name: <cell-element>
# type: scalar
0.90000000000000002





# name: x_min
# type: global cell
# rows: 1
# columns: 2
# name: <cell-element>
# type: matrix
# rows: 4
# columns: 3
 56 56 56
 56 56 56
 56 56 56
 56 56 56



# name: <cell-element>
# type: matrix
# rows: 4
# columns: 3
 57 57 57
 57 57 57
 57 57 57
 57 57 57





# name: x_max
# type: global cell
# rows: 1
# columns: 2
# name: <cell-element>
# type: matrix
# rows: 4
# columns: 3
 203.57516497373581 209.19692695140839 205.03913640975952
 200.47427758574486 209.49874520301819 207.04210340976715
 204.2528361082077 205.8384907245636 203.31438213586807
 205.61481356620789 203.36203932762146 204.86425161361694



# name: <cell-element>
# type: matrix
# rows: 4
# columns: 3
 207.38468766212463 209.71915006637573 207.95016050338745
 208.42048943042755 208.6869865655899 201.38688951730728
 200.02157290931791 202.89432287216187 207.98644840717316
 202.82509118318558 205.21525502204895 200.72863273322582





# name: x
# type: global cell
# rows: 1
# columns: 2
# name: <cell-element>
# type: matrix
# rows: 4
# columns: 3
 91.829725933946662 91.124924642037172 91.065342468902031
 97.944214412875681 97.521827992685829 97.470750161242805
 91.566754762895258 87.237619979650319 88.073302908352176
 88.161687274784995 86.88738450315897 87.752958261945068



# name: <cell-element>
# type: matrix
# rows: 4
# columns: 3
 92.015939270595112 93.389847167211528 93.238512340045006
 83.733962754357975 84.410948752817021 84.726577546930542
 85.768499221291194 91.226181889463717 92.186332134445863
 89.822317640807896 91.588066303982416 89.236191492310411





# name: w
# type: matrix
# rows: 32
# columns: 1
 4.5199360571273113
 4.5843980759066403
 4.517068266531985
 4.4791724840007818
 4.5122313633549513
 4.5800762297951794
 4.4686356596642938
 4.4646128491569419
 4.5115772979517432
 4.5795523346490681
 4.4781694553314919
 4.4745255741645638
 0.10765595564629785
 0.0056471713011667906
 0.38895487758898117
 0.49774199546355419
 4.521961814983734
 4.4276446628685173
 4.4516517971378198
 4.4978334704975698
 4.5367826366197148
 4.4356971177478517
 4.5133419380014113
 4.5173009826686306
 4.5351608588712988
 4.4394293369353584
 4.5238118780817818
 4.4912866915168195
 0.10568322120749485
 0.34621794449318632
 0.21729050259806343
 0.33080833170125529


# name: payoffs_history
# type: cell
# rows: 1
# columns: 2
# name: <cell-element>
# type: matrix
# rows: 1
# columns: 12
 36864 196844.54751346936 108502.65980714068 109843.18657905025 108941.75639234739 108973.27859789328 108884.64173642572 108885.26778333249 108869.74222369368 108869.75479469453 108869.68998375646 108869.68998375646



# name: <cell-element>
# type: matrix
# rows: 1
# columns: 12
 37584 25308.490934838534 105966.82366837743 110492.485340374 110709.5711892324 111624.98048085165 111629.29229543754 111751.55709720511 111751.65717543621 111758.57969880593 111758.57979628909 111758.57979628909





# name: total_iter
# type: scalar
11


# name: opti
# type: cell
# rows: 1
# columns: 2
# name: <cell-element>
# type: matrix
# rows: 33
# columns: 1
 0
 0.10765595564629785
 0.0056471713011667906
 0.38895487758898117
 0.49774199546355419
 35.829725933946662
 41.944214412875681
 35.566754762895258
 32.161687274784995
 35.124924642037172
 41.521827992685829
 31.237619979650319
 30.88738450315897
 35.065342468902031
 41.470750161242805
 32.073302908352176
 31.752958261945068
 111.74543903978915
 102.53006317286918
 112.68608134531245
 117.45312629142289
 118.07200230937121
 111.97691721033236
 118.60087074491328
 116.47465482446249
 113.97379394085749
 109.57135324852435
 115.2410792275159
 117.11129335167188
 -1.8512265569370356e-06
 -1.9352901858837868e-06
 -7.1375681898189214e-07
 -6.0720159922311723e-07



# name: <cell-element>
# type: matrix
# rows: 33
# columns: 1
 0
 0.10568322120749485
 0.34621794449318632
 0.21729050259806343
 0.33080833170125529
 35.015939270595112
 26.733962754357975
 28.768499221291194
 32.822317640807896
 36.389847167211528
 27.410948752817021
 34.226181889463717
 34.588066303982416
 36.238512340045006
 27.726577546930542
 35.186332134445863
 32.236191492310411
 115.36874839152952
 124.68652667606958
 114.25307368802672
 113.00277354237768
 116.3293028991642
 124.27603781277288
 111.66814098269815
 113.62718871806653
 114.71164816334245
 116.66031197037674
 115.80011627272729
 111.49244124091541
 -2.3951286323153909e-06
 -9.848186266481207e-07
 -7.1037094073744811e-07
 -1.1414330884917945e-06





