# Created by Octave 5.2.0, Sun Jun 21 16:11:34 2020 IST <nalin@nalinspc>
# name: N1
# type: global scalar
0


# name: N2
# type: global scalar
0


# name: N3
# type: global scalar
4


# name: M
# type: global scalar
3


# name: beta
# type: global matrix
# rows: 4
# columns: 3
 300 300 300
 300 300 300
 300 300 300
 300 300 300


# name: delta
# type: global matrix
# rows: 4
# columns: 3
 1 1 1
 1 1 1
 1 1 1
 1 1 1


# name: c
# type: global cell
# rows: 1
# columns: 2
# name: <cell-element>
# type: matrix
# rows: 4
# columns: 3
 20 20 20
 20 20 20
 20 20 20
 20 20 20



# name: <cell-element>
# type: matrix
# rows: 4
# columns: 3
 15 15 15
 15 15 15
 15 15 15
 15 15 15





# name: A_u
# type: global cell
# rows: 1
# columns: 2
# name: <cell-element>
# type: matrix
# rows: 4
# columns: 3
 0.28133627772331238 0.23641183674335481 0.22829121649265291
 0.24175921678543091 0.20516700744628907 0.22989833354949951
 0.21067664697766306 0.24555926024913788 0.23262216150760651
 0.23290383219718935 0.24174221158027651 0.29496315121650696



# name: <cell-element>
# type: matrix
# rows: 4
# columns: 3
 0.21744444370269778 0.26355891227722172 0.21772373020648958
 0.2539583921432495 0.24935020804405214 0.26282217502593996
 0.29498913884162903 0.2216365396976471 0.24767290651798249
 0.21396173834800722 0.25491958856582642 0.23381502628326417





# name: A_v
# type: global cell
# rows: 1
# columns: 2
# name: <cell-element>
# type: cell
# rows: 1
# columns: 4
# name: <cell-element>
# type: matrix
# rows: 3
# columns: 3
 0.036079895393092795 0.03279387802528895 0.042097874561915528
 0.03279387802528895 0.059997836776076667 0.063127536587702052
 0.042097874561915528 0.063127536587702052 0.06970752651610454



# name: <cell-element>
# type: matrix
# rows: 3
# columns: 3
 0.032954029712417884 0.031658755083850777 0.013868170897715037
 0.031658755083850777 0.051590249611953319 0.01672548797819368
 0.013868170897715037 0.01672548797819368 0.0092340550587815297



# name: <cell-element>
# type: matrix
# rows: 3
# columns: 3
 0.025390069877328791 0.020072963615694519 0.022079226773489627
 0.020072963615694519 0.025866515087094973 0.028018420642090015
 0.022079226773489627 0.028018420642090015 0.049737010780842625



# name: <cell-element>
# type: matrix
# rows: 3
# columns: 3
 0.069022988754017134 0.039133865174182769 0.043006304267628366
 0.039133865174182769 0.038043945343190715 0.025507709696060761
 0.043006304267628366 0.025507709696060761 0.033050402383179432






# name: <cell-element>
# type: cell
# rows: 1
# columns: 4
# name: <cell-element>
# type: matrix
# rows: 3
# columns: 3
 0.0020335069271270826 0.0035657920160205594 0.0039844566176301414
 0.0035657920160205594 0.0092657213968808348 0.009958394549934137
 0.0039844566176301414 0.009958394549934137 0.018343066398130204



# name: <cell-element>
# type: matrix
# rows: 3
# columns: 3
 0.029870591856930438 0.033955910106324809 0.011266832376800161
 0.033955910106324809 0.067957363001617768 0.034115253337652404
 0.011266832376800161 0.034115253337652404 0.027945410772760165



# name: <cell-element>
# type: matrix
# rows: 3
# columns: 3
 0.042872599921281569 0.031931147125110776 0.029882906169643616
 0.031931147125110776 0.045072225796386929 0.041493368699850708
 0.029882906169643616 0.041493368699850708 0.038906675828296253



# name: <cell-element>
# type: matrix
# rows: 3
# columns: 3
 0.052750276536713173 0.055390303346384756 0.066481843213730976
 0.055390303346384756 0.069250356790115708 0.086913392824604474
 0.066481843213730976 0.086913392824604474 0.11162017376849263








# name: A_s
# type: global cell
# rows: 1
# columns: 2
# name: <cell-element>
# type: cell
# rows: 1
# columns: 4
# name: <cell-element>
# type: matrix
# rows: 3
# columns: 3
 0.024044062197208404 0.10715361833572387 0.15498348474502563
 0.15575175285339354 0.1776708483695984 0.064593327045440671
 0.13174164295196533 0.19835346937179565 0.11405072212219239



# name: <cell-element>
# type: matrix
# rows: 3
# columns: 3
 0.036754113435745236 0.12814437150955199 0.12321600914001465
 0.16962226629257202 0.1367964267730713 0.064072412252426145
 0.019573573768138886 0.093613034486770635 0.0093557491898536675



# name: <cell-element>
# type: matrix
# rows: 3
# columns: 3
 0.023943328857421876 0.087399047613143918 0.13106560707092285
 0.089174199104309085 0.12170137166976928 0.055706852674484254
 0.19186646938323976 0.041122743487358095 0.10598673820495605



# name: <cell-element>
# type: matrix
# rows: 3
# columns: 3
 0.1987122416496277 0.161543869972229 0.058651614189147952
 0.16097880601882936 0.0042754061520099643 0.11005221605300904
 0.085606408119201657 0.12397860288619995 0.10174109935760497






# name: <cell-element>
# type: cell
# rows: 1
# columns: 4
# name: <cell-element>
# type: matrix
# rows: 3
# columns: 3
 0.041360992193222049 0.016448713839054108 0.0072259992361068722
 0.051313215494155885 0.068194615840911868 0.044521564245224
 0.068560314178466794 0.019225819408893584 0.11520814895629883



# name: <cell-element>
# type: matrix
# rows: 3
# columns: 3
 0.015513408184051513 0.17042654752731323 0.02418094128370285
 0.061124300956726073 0.16658000946044921 0.19097718000411987
 0.12478982210159302 0.040025147795677188 0.10378293991088867



# name: <cell-element>
# type: matrix
# rows: 3
# columns: 3
 0.12711652517318725 0.16208184957504274 0.02105856090784073
 0.057302105426788333 0.13175902366638184 0.15629540681838988
 0.035131567716598512 0.13924905061721801 0.13521150350570679



# name: <cell-element>
# type: matrix
# rows: 3
# columns: 3
 0.16973693370819093 0.15373179912567139 0.017498108744621276
 0.14879586696624755 0.18267582654953002 0.11721642017364502
 0.19182920455932617 0.19933158159255981 0.18731964826583863








# name: b
# type: global cell
# rows: 1
# columns: 2
# name: <cell-element>
# type: matrix
# rows: 4
# columns: 1
 167.73021221160889
 152.82774060964584
 152.04378813505173
 165.91391324996948



# name: <cell-element>
# type: matrix
# rows: 4
# columns: 1
 156.56736195087433
 185.71932077407837
 173.38521957397461
 186.66641235351562





# name: alpha
# type: global cell
# rows: 1
# columns: 2
# name: <cell-element>
# type: scalar
0.90000000000000002



# name: <cell-element>
# type: scalar
0.90000000000000002





# name: x_min
# type: global cell
# rows: 1
# columns: 2
# name: <cell-element>
# type: matrix
# rows: 4
# columns: 3
 56 56 56
 56 56 56
 56 56 56
 56 56 56



# name: <cell-element>
# type: matrix
# rows: 4
# columns: 3
 57 57 57
 57 57 57
 57 57 57
 57 57 57





# name: x_max
# type: global cell
# rows: 1
# columns: 2
# name: <cell-element>
# type: matrix
# rows: 4
# columns: 3
 208.66802453994751 207.40807712078094 208.95304024219513
 209.12651062011719 207.61565029621124 201.60329699516296
 200.93660846352577 208.92578363418579 207.37411797046661
 201.6646072268486 201.49911507964134 203.64944040775299



# name: <cell-element>
# type: matrix
# rows: 4
# columns: 3
 204.27681982517242 201.49603962898254 209.74754691123962
 203.03738355636597 203.87768357992172 200.6349304318428
 200.64550429582596 202.71207541227341 209.26493167877197
 201.84287801384926 209.19961988925934 204.77064669132233





# name: x
# type: global cell
# rows: 1
# columns: 2
# name: <cell-element>
# type: matrix
# rows: 4
# columns: 3
 86.569016027810036 85.530107097138455 87.16414042991731
 89.221261583960199 89.188389337055526 90.011902691647563
 89.10572744096541 90.052821569372554 89.459343874852294
 88.134297233559138 89.489287696512875 88.974190424439115



# name: <cell-element>
# type: matrix
# rows: 4
# columns: 3
 99.09843215519173 99.632310239983184 98.783824638055762
 96.671555228401274 96.178548769279601 95.766188986082113
 95.765539730250424 94.636039654918179 95.334217232709364
 94.988531558162876 93.960200195855705 95.150262404811357





