# Created by Octave 5.2.0, Sun Jun 21 16:17:24 2020 IST <nalin@nalinspc>
# name: N1
# type: global scalar
0


# name: N2
# type: global scalar
0


# name: N3
# type: global scalar
4


# name: M
# type: global scalar
3


# name: beta
# type: global matrix
# rows: 4
# columns: 3
 300 300 300
 300 300 300
 300 300 300
 300 300 300


# name: delta
# type: global matrix
# rows: 4
# columns: 3
 1 1 1
 1 1 1
 1 1 1
 1 1 1


# name: c
# type: global cell
# rows: 1
# columns: 2
# name: <cell-element>
# type: matrix
# rows: 4
# columns: 3
 20 20 20
 20 20 20
 20 20 20
 20 20 20



# name: <cell-element>
# type: matrix
# rows: 4
# columns: 3
 15 15 15
 15 15 15
 15 15 15
 15 15 15





# name: A_u
# type: global cell
# rows: 1
# columns: 2
# name: <cell-element>
# type: matrix
# rows: 4
# columns: 3
 0.20835719034075739 0.21741159856319428 0.2950274169445038
 0.27680419087409974 0.24734553694725037 0.25931249260902406
 0.26095603108406068 0.27443524003028874 0.25376687049865726
 0.20180880501866341 0.26328371167182923 0.21548729091882707



# name: <cell-element>
# type: matrix
# rows: 4
# columns: 3
 0.24636800289154054 0.21847556233406068 0.22903584241867067
 0.21125083193182947 0.21775909960269929 0.27531346678733826
 0.23863003551959994 0.21635101884603503 0.24358653128147126
 0.24910512566566467 0.27647446990013125 0.25092177391052245





# name: A_v
# type: global cell
# rows: 1
# columns: 2
# name: <cell-element>
# type: cell
# rows: 1
# columns: 4
# name: <cell-element>
# type: matrix
# rows: 3
# columns: 3
 0.019141023347402249 0.014405688837827866 0.024685853607102716
 0.014405688837827866 0.011882063778804809 0.021107868950363942
 0.024685853607102716 0.021107868950363942 0.066457347882522277



# name: <cell-element>
# type: matrix
# rows: 3
# columns: 3
 0.024273032152504825 0.037921362021021851 0.028307920216171248
 0.037921362021021851 0.061769069137281175 0.04526125916737804
 0.028307920216171248 0.04526125916737804 0.034844073441366877



# name: <cell-element>
# type: matrix
# rows: 3
# columns: 3
 0.062948768008126016 0.025404938877263913 0.034608011481711609
 0.025404938877263913 0.022017191645709422 0.025888835649443317
 0.034608011481711609 0.025888835649443317 0.034853502401439411



# name: <cell-element>
# type: matrix
# rows: 3
# columns: 3
 0.028566552139728148 0.026866763119916332 0.03109936136566091
 0.026866763119916332 0.041633430917397754 0.04453379581553335
 0.03109936136566091 0.04453379581553335 0.05592493543004224






# name: <cell-element>
# type: cell
# rows: 1
# columns: 4
# name: <cell-element>
# type: matrix
# rows: 3
# columns: 3
 0.022010291792076211 0.02261396813753425 0.021027115102993051
 0.02261396813753425 0.028105493156216032 0.033934840183806964
 0.021027115102993051 0.033934840183806964 0.051316301421302765



# name: <cell-element>
# type: matrix
# rows: 3
# columns: 3
 0.036442273017759166 0.035197453235456741 0.031604921950919226
 0.035197453235456741 0.04068120261012681 0.031844240907414639
 0.031604921950919226 0.031844240907414639 0.027826355862918963



# name: <cell-element>
# type: matrix
# rows: 3
# columns: 3
 0.027172573703113451 0.017609548778093221 0.021851450784124555
 0.017609548778093221 0.024139942880378774 0.033934066135112559
 0.021851450784124555 0.033934066135112559 0.048384384608594129



# name: <cell-element>
# type: matrix
# rows: 3
# columns: 3
 0.058317591853719541 0.043688785922173068 0.041675857732448668
 0.043688785922173068 0.063842175585927238 0.047406057226970548
 0.041675857732448668 0.047406057226970548 0.038492907038028795








# name: A_s
# type: global cell
# rows: 1
# columns: 2
# name: <cell-element>
# type: cell
# rows: 1
# columns: 4
# name: <cell-element>
# type: matrix
# rows: 3
# columns: 3
 0.13444275856018068 0.0074598371982574465 0.031788659095764157
 0.10018800497055054 0.037680312991142273 0.020606344938278197
 0.13148852586746215 0.10325559377670288 0.19623047113418579



# name: <cell-element>
# type: matrix
# rows: 3
# columns: 3
 0.095511382818222051 0.070559531450271606 0.1008561372756958
 0.12073553800582885 0.094216835498809812 0.19574265480041503
 0.1203339695930481 0.044502097368240359 0.13558529615402221



# name: <cell-element>
# type: matrix
# rows: 3
# columns: 3
 0.15661591291427612 0.14416992664337158 0.13279780149459838
 0.0026133690029382707 0.042427149415016172 0.1421629309654236
 0.058121693134307859 0.014001978933811188 0.17685959339141846



# name: <cell-element>
# type: matrix
# rows: 3
# columns: 3
 0.15765644311904908 0.045669329166412351 0.040315139293670657
 0.11815550327301025 0.037289392948150632 0.16211788654327391
 0.11941363811492919 0.1293305516242981 0.15792063474655152






# name: <cell-element>
# type: cell
# rows: 1
# columns: 4
# name: <cell-element>
# type: matrix
# rows: 3
# columns: 3
 0.0076541110873222353 0.0012808236293494701 0.1481555461883545
 0.050695157051086424 0.056357377767562868 0.1495303988456726
 0.11869755983352662 0.13824039697647095 0.13459860086441039



# name: <cell-element>
# type: matrix
# rows: 3
# columns: 3
 0.051635199785232545 0.05392400026321411 0.17569371461868286
 0.12859051227569579 0.045165321230888365 0.14868011474609374
 0.060243552923202513 0.033447724580764768 0.15191550254821778



# name: <cell-element>
# type: matrix
# rows: 3
# columns: 3
 0.13757487535476684 0.086273407936096197 0.028330662846565248
 0.0288440078496933 0.13423731327056884 0.072720766067504883
 0.01822710782289505 0.18626093864440918 0.11558122634887695



# name: <cell-element>
# type: matrix
# rows: 3
# columns: 3
 0.17430013418197632 0.15070843696594238 0.07227739691734314
 0.034593808650970462 0.15601992607116699 0.19571210145950318
 0.081925475597381586 0.11747407913208008 0.13409311771392823








# name: b
# type: global cell
# rows: 1
# columns: 2
# name: <cell-element>
# type: matrix
# rows: 4
# columns: 1
 154.87989068031311
 167.60462880134583
 173.22885513305664
 188.72680187225342



# name: <cell-element>
# type: matrix
# rows: 4
# columns: 1
 159.66470718383789
 182.91600942611694
 180.97432136535645
 162.4747633934021





# name: alpha
# type: global cell
# rows: 1
# columns: 2
# name: <cell-element>
# type: scalar
0.90000000000000002



# name: <cell-element>
# type: scalar
0.90000000000000002





# name: x_min
# type: global cell
# rows: 1
# columns: 2
# name: <cell-element>
# type: matrix
# rows: 4
# columns: 3
 56 56 56
 56 56 56
 56 56 56
 56 56 56



# name: <cell-element>
# type: matrix
# rows: 4
# columns: 3
 57 57 57
 57 57 57
 57 57 57
 57 57 57





# name: x_max
# type: global cell
# rows: 1
# columns: 2
# name: <cell-element>
# type: matrix
# rows: 4
# columns: 3
 202.92087972164154 202.95841336250305 207.56098985671997
 206.29457473754883 201.91433355212212 206.31692945957184
 203.81067246198654 200.91679707169533 204.5223468542099
 203.08811992406845 209.78031516075134 209.36894297599792



# name: <cell-element>
# type: matrix
# rows: 4
# columns: 3
 202.30363935232162 202.62273609638214 203.52314621210098
 200.36940895020962 201.37907952070236 207.28662848472595
 205.43809711933136 209.53669011592865 200.1569140329957
 202.02746286988258 206.41317009925842 201.2675678730011





# name: x
# type: global cell
# rows: 1
# columns: 2
# name: <cell-element>
# type: matrix
# rows: 4
# columns: 3
 92.434103500564163 92.442905996526576 92.744793777437252
 91.988700572670453 91.900053089092154 92.206100459694696
 91.910069510712177 92.072470465605193 91.948384638544709
 93.21539862074026 93.650989259211798 93.498455981266105



# name: <cell-element>
# type: matrix
# rows: 4
# columns: 3
 95.131806793637608 95.114162307504245 94.510447787747296
 96.022667621640821 96.19988727373925 95.587857975157874
 96.179851980249879 95.855044098997553 96.103250755856109
 93.569194650648356 92.698010611951119 93.003112740646657





