# Created by Octave 5.2.0, Sun Jun 21 16:07:39 2020 IST <nalin@nalinspc>
# name: N1
# type: global scalar
0


# name: N2
# type: global scalar
0


# name: N3
# type: global scalar
4


# name: M
# type: global scalar
3


# name: beta
# type: global matrix
# rows: 4
# columns: 3
 300 300 300
 300 300 300
 300 300 300
 300 300 300


# name: delta
# type: global matrix
# rows: 4
# columns: 3
 1 1 1
 1 1 1
 1 1 1
 1 1 1


# name: c
# type: global cell
# rows: 1
# columns: 2
# name: <cell-element>
# type: matrix
# rows: 4
# columns: 3
 20 20 20
 20 20 20
 20 20 20
 20 20 20



# name: <cell-element>
# type: matrix
# rows: 4
# columns: 3
 15 15 15
 15 15 15
 15 15 15
 15 15 15





# name: A_u
# type: global matrix
# rows: 0
# columns: 0


# name: A_v
# type: global matrix
# rows: 0
# columns: 0


# name: A_s
# type: global matrix
# rows: 0
# columns: 0


# name: b
# type: global matrix
# rows: 0
# columns: 0


# name: alpha
# type: global cell
# rows: 1
# columns: 2
# name: <cell-element>
# type: scalar
0.90000000000000002



# name: <cell-element>
# type: scalar
0.90000000000000002





# name: x_min
# type: global cell
# rows: 1
# columns: 2
# name: <cell-element>
# type: matrix
# rows: 4
# columns: 3
 56 56 56
 56 56 56
 56 56 56
 56 56 56



# name: <cell-element>
# type: matrix
# rows: 4
# columns: 3
 57 57 57
 57 57 57
 57 57 57
 57 57 57





# name: x_max
# type: global cell
# rows: 1
# columns: 2
# name: <cell-element>
# type: matrix
# rows: 4
# columns: 3
 209.97659504413605 209.88510310649872 203.90933245420456
 207.48591542243958 202.7844762802124 203.05364549160004
 201.82093590497971 208.769171833992 204.95818853378296
 206.71799600124359 208.6625611782074 204.64005678892136



# name: <cell-element>
# type: matrix
# rows: 4
# columns: 3
 204.43891793489456 205.68886935710907 208.6015772819519
 209.13954496383667 208.49349737167358 208.83545279502869
 209.81245577335358 209.42734122276306 204.92400348186493
 203.43813478946686 206.80378913879395 203.69277626276016





# name: x
# type: global cell
# rows: 1
# columns: 2
# name: <cell-element>
# type: matrix
# rows: 4
# columns: 3
 91.666663141535992 91.666669882172869 91.666669239701164
 91.6666630244071 91.666667406172493 91.666667190093975
 91.666670866821576 91.666665667455803 91.666672342443917
 91.666657523159643 91.66666936595449 91.666674502682298



# name: <cell-element>
# type: matrix
# rows: 4
# columns: 3
 96.66666380843246 96.666656201165182 96.66665991034192
 96.666666894221905 96.666663078391309 96.666660122188645
 96.666657484681963 96.666668191839335 96.666655321138805
 96.666664861100159 96.666658609716933 96.666662000857059





# name: w
# type: matrix
# rows: 32
# columns: 1
 4.5181587705424899
 4.51815876926472
 4.5181588548183322
 4.5181587092511073
 4.5181588440767104
 4.5181588170657978
 4.5181587980979794
 4.5181588384452374
 4.5181588370679284
 4.5181588147085776
 4.5181588709160296
 4.5181588944822648
 0.24999999999992656
 0.25000000000013117
 0.24999999999999864
 0.24999999999994363
 4.5712686047444695
 4.5712686366664297
 4.5712685393263568
 4.5712686156341356
 4.5712685260485957
 4.5712685971923195
 4.5712686500900581
 4.5712685509646507
 4.5712685644193929
 4.571268566610911
 4.5712685169448735
 4.571268586045413
 0.25000000000003264
 0.24999999999997058
 0.24999999999998943
 0.25000000000000727


# name: payoffs_history
# type: cell
# rows: 1
# columns: 2
# name: <cell-element>
# type: matrix
# rows: 1
# columns: 23
 36864 215471.99999999983 113363.99949004724 125460.75100655283 105982.12540933702 106738.17145461237 102246.54166054881 102293.7945809502 101194.50748433638 101197.46081614368 100924.11587088929 100924.30045063599 100856.17539616149 100856.18678247114 100838.93705970506 100838.93785532375 100834.3856717298 100834.38572114424 100833.14225177135 100833.14225252175 100833.29917818982 100833.2991783451 100833.33915562634



# name: <cell-element>
# type: matrix
# rows: 1
# columns: 23
 37584 20015.999654351948 68402.997825297643 97168.503801811166 100192.69247946498 108896.15521816447 109085.16685518058 111355.54010781771 111367.35338701081 111940.85678919961 111941.59510821129 112085.50935185315 112085.5556017214 112120.93313219611 112120.93598891259 112130.39625491927 112130.39642977569 112133.15095299833 112133.15096161033 112133.48450403255 112133.48450416184 112133.33235190297 112133.33235191485





# name: total_iter
# type: scalar
22


# name: opti
# type: cell
# rows: 1
# columns: 2
# name: <cell-element>
# type: matrix
# rows: 29
# columns: 1
 0
 0.24999999999992656
 0.25000000000013117
 0.24999999999999864
 0.24999999999994363
 35.666663141535992
 35.6666630244071
 35.666670866821576
 35.666657523159643
 35.666669882172869
 35.666667406172493
 35.666665667455803
 35.66666936595449
 35.666669239701164
 35.666667190093975
 35.666672342443917
 35.666674502682298
 118.30993190260006
 115.81925239803248
 110.15426503815813
 115.05133847808395
 118.21843322432585
 111.11780887403991
 117.1025061665362
 116.99589181225291
 112.24266321450339
 111.38697830150606
 113.29151619133904
 112.97338228623906



# name: <cell-element>
# type: matrix
# rows: 29
# columns: 1
 0
 0.25000000000003264
 0.24999999999997058
 0.24999999999998943
 0.25000000000000727
 39.66666380843246
 39.666666894221905
 39.666657484681963
 39.666664861100159
 39.666656201165182
 39.666663078391309
 39.666668191839335
 39.666658609716933
 39.66665991034192
 39.666660122188645
 39.666655321138805
 39.666662000857059
 107.7722541264621
 112.47287806961477
 113.14579828867161
 106.7714699283667
 109.02221315594389
 111.82683429328227
 112.76067303092373
 110.13713052907701
 111.93491737160998
 112.16879267284004
 108.25734816072612
 107.0261142619031





