# Created by Octave 5.2.0, Sun Jun 21 16:10:26 2020 IST <nalin@nalinspc>
# name: N1
# type: global scalar
0


# name: N2
# type: global scalar
0


# name: N3
# type: global scalar
4


# name: M
# type: global scalar
3


# name: beta
# type: global matrix
# rows: 4
# columns: 3
 300 300 300
 300 300 300
 300 300 300
 300 300 300


# name: delta
# type: global matrix
# rows: 4
# columns: 3
 1 1 1
 1 1 1
 1 1 1
 1 1 1


# name: c
# type: global cell
# rows: 1
# columns: 2
# name: <cell-element>
# type: matrix
# rows: 4
# columns: 3
 20 20 20
 20 20 20
 20 20 20
 20 20 20



# name: <cell-element>
# type: matrix
# rows: 4
# columns: 3
 15 15 15
 15 15 15
 15 15 15
 15 15 15





# name: A_u
# type: global matrix
# rows: 0
# columns: 0


# name: A_v
# type: global matrix
# rows: 0
# columns: 0


# name: A_s
# type: global matrix
# rows: 0
# columns: 0


# name: b
# type: global matrix
# rows: 0
# columns: 0


# name: alpha
# type: global cell
# rows: 1
# columns: 2
# name: <cell-element>
# type: scalar
0.90000000000000002



# name: <cell-element>
# type: scalar
0.90000000000000002





# name: x_min
# type: global cell
# rows: 1
# columns: 2
# name: <cell-element>
# type: matrix
# rows: 4
# columns: 3
 56 56 56
 56 56 56
 56 56 56
 56 56 56



# name: <cell-element>
# type: matrix
# rows: 4
# columns: 3
 57 57 57
 57 57 57
 57 57 57
 57 57 57





# name: x_max
# type: global cell
# rows: 1
# columns: 2
# name: <cell-element>
# type: matrix
# rows: 4
# columns: 3
 201.48409366607666 204.34599816799164 202.21297800540924
 200.58659147471189 205.48900365829468 204.99533772468567
 204.52918857336044 201.41455009579659 206.3094037771225
 200.94399735331535 204.35061603784561 208.29881906509399



# name: <cell-element>
# type: matrix
# rows: 4
# columns: 3
 206.8103438615799 200.40440939366817 206.96704506874084
 207.20241546630859 203.25442910194397 206.44955277442932
 204.13624554872513 201.24284379184246 207.87990868091583
 207.07360863685608 203.21655809879303 205.39179742336273





# name: x
# type: global cell
# rows: 1
# columns: 2
# name: <cell-element>
# type: matrix
# rows: 4
# columns: 3
 91.666512554656961 91.666486015912696 91.666509855810972
 91.666506209790327 91.666511656433585 91.666517894487797
 91.666502608289363 91.666481354191419 91.666508477162026
 91.666500583519309 91.666497188546231 91.666527199796562



# name: <cell-element>
# type: matrix
# rows: 4
# columns: 3
 96.666731008760863 96.666740967765151 96.666725184048602
 96.666725705848222 96.666723627567734 96.666731961966434
 96.666739809384552 96.666740914490589 96.666733552113627
 96.666738342205008 96.666737238121897 96.666724610888792





# name: w
# type: matrix
# rows: 32
# columns: 1
 4.5181571277751242
 4.5181570585582786
 4.5181570192691076
 4.5181569971806672
 4.5181568382610218
 4.5181571179763074
 4.5181567874057791
 4.5181569601445295
 4.5181570983331181
 4.5181571860279206
 4.5181570832932856
 4.5181572875405394
 0.24999999999988778
 0.24999999999998165
 0.25000000000019096
 0.24999999999993963
 4.5712692999200595
 4.5712692450623775
 4.5712693909609294
 4.5712693757832215
 4.5712694029441678
 4.5712692235629371
 4.5712694023930522
 4.5712693643616804
 4.5712692396644536
 4.5712693097808001
 4.5712693262305875
 4.5712692337352179
 0.25000000000001599
 0.24999999999997538
 0.25000000000000461
 0.250000000000004


# name: payoffs_history
# type: cell
# rows: 1
# columns: 2
# name: <cell-element>
# type: matrix
# rows: 1
# columns: 21
 36864 215471.99999999965 113363.99816965492 125460.74942593934 105982.12321624393 106738.16985949047 102246.53905163487 102293.79182318733 101194.51068457711 101197.4639779923 100924.11813945491 100924.30271457072 100855.78205051614 100855.79344233871 100838.95067723372 100838.95139264947 100835.06434709439 100835.06439180202 100833.18785047322 100833.18785413553 100833.2606485241



# name: <cell-element>
# type: matrix
# rows: 1
# columns: 21
 37584 20015.999796277647 68402.998718246847 97168.502087189132 100192.68981031761 108896.1601441004 109085.17185498925 111355.54221495657 111367.35545618905 111940.85706127217 111941.59539810932 112085.70953125635 112085.75591311953 112121.40812084972 112121.41092246473 112130.16248012759 112130.16264758908 112132.76171868644 112132.76173819919 112133.52071218149 112133.52071221154





# name: total_iter
# type: scalar
20


# name: opti
# type: cell
# rows: 1
# columns: 2
# name: <cell-element>
# type: matrix
# rows: 29
# columns: 1
 0
 0.24999999999988778
 0.24999999999998165
 0.25000000000019096
 0.24999999999993963
 35.666512554656961
 35.666506209790327
 35.666502608289363
 35.666500583519309
 35.666486015912696
 35.666511656433585
 35.666481354191419
 35.666497188546231
 35.666509855810972
 35.666517894487797
 35.666508477162026
 35.666527199796562
 109.8175811114197
 108.92008526492157
 112.86268596507108
 109.27749676979604
 112.67951215207894
 113.82249200186109
 109.74806874160517
 112.68411884929938
 110.54646814959827
 113.32881983019787
 114.64289529996047
 116.63229186529743



# name: <cell-element>
# type: matrix
# rows: 29
# columns: 1
 0
 0.25000000000001599
 0.24999999999997538
 0.25000000000000461
 0.250000000000004
 39.666731008760863
 39.666725705848222
 39.666739809384552
 39.666738342205008
 39.666740967765151
 39.666723627567734
 39.666740914490589
 39.666737238121897
 39.666725184048602
 39.666731961966434
 39.666733552113627
 39.666724610888792
 110.14361285281903
 110.53568976046037
 107.46950573934058
 110.40687029465107
 103.73766842590302
 106.58770547437624
 104.57610287735187
 106.54982086067113
 110.30031988469224
 109.78282081246289
 111.21317512880221
 108.72507281247394





