# Created by Octave 5.2.0, Sun Jun 21 16:13:46 2020 IST <nalin@nalinspc>
# name: N1
# type: global scalar
0


# name: N2
# type: global scalar
0


# name: N3
# type: global scalar
4


# name: M
# type: global scalar
3


# name: beta
# type: global matrix
# rows: 4
# columns: 3
 300 300 300
 300 300 300
 300 300 300
 300 300 300


# name: delta
# type: global matrix
# rows: 4
# columns: 3
 1 1 1
 1 1 1
 1 1 1
 1 1 1


# name: c
# type: global cell
# rows: 1
# columns: 2
# name: <cell-element>
# type: matrix
# rows: 4
# columns: 3
 20 20 20
 20 20 20
 20 20 20
 20 20 20



# name: <cell-element>
# type: matrix
# rows: 4
# columns: 3
 15 15 15
 15 15 15
 15 15 15
 15 15 15





# name: A_u
# type: global cell
# rows: 1
# columns: 2
# name: <cell-element>
# type: matrix
# rows: 4
# columns: 3
 0.26719530224800114 0.21702707558870316 0.20012887991033496
 0.21717150658369067 0.20035379757173361 0.24799935519695282
 0.28777165412902833 0.28640601634979246 0.29948044419288633
 0.28299919962882997 0.27807543873786927 0.29220877289772035



# name: <cell-element>
# type: matrix
# rows: 4
# columns: 3
 0.29678201675415039 0.23581531047821047 0.24776194989681244
 0.25844604372978214 0.20683260262012482 0.27820143103599548
 0.20646045804023744 0.29530698657035825 0.26054282784461974
 0.20481921173632145 0.25279951691627506 0.23664994835853578





# name: A_v
# type: global cell
# rows: 1
# columns: 2
# name: <cell-element>
# type: cell
# rows: 1
# columns: 4
# name: <cell-element>
# type: matrix
# rows: 3
# columns: 3
 0.025079885250359053 0.035236420144497627 0.047449265304028071
 0.035236420144497627 0.055279448778210567 0.073408851189095695
 0.047449265304028071 0.073408851189095695 0.098584721504981876



# name: <cell-element>
# type: matrix
# rows: 3
# columns: 3
 0.058223143787816976 0.037508803299046177 0.062163928458724343
 0.037508803299046177 0.031290517611357982 0.047051432686688904
 0.062163928458724343 0.047051432686688904 0.074783306514314904



# name: <cell-element>
# type: matrix
# rows: 3
# columns: 3
 0.055022991158847533 0.051766837260981045 0.072944759710584034
 0.051766837260981045 0.056242517679969663 0.075761274864077702
 0.072944759710584034 0.075761274864077702 0.10488003318805994



# name: <cell-element>
# type: matrix
# rows: 3
# columns: 3
 0.009272637015330867 0.010265301860796546 0.0087528504312335189
 0.010265301860796546 0.043498619040258577 0.020872282746987145
 0.0087528504312335189 0.020872282746987145 0.020004294107566701






# name: <cell-element>
# type: cell
# rows: 1
# columns: 4
# name: <cell-element>
# type: matrix
# rows: 3
# columns: 3
 0.067086530376525524 0.047768971002280794 0.01361075768363719
 0.047768971002280794 0.040400165197939063 0.011464218554196385
 0.01361075768363719 0.011464218554196385 0.019108962666842175



# name: <cell-element>
# type: matrix
# rows: 3
# columns: 3
 0.047572677531700698 0.038503107828935797 0.055305857954937643
 0.038503107828935797 0.040911631786303984 0.040962782448341881
 0.055305857954937643 0.040962782448341881 0.066300168526973235



# name: <cell-element>
# type: matrix
# rows: 3
# columns: 3
 0.038657789547068402 0.032968129361883383 0.049999399132399702
 0.032968129361883383 0.047323601421573928 0.037737673643295153
 0.049999399132399702 0.037737673643295153 0.066252392116112585



# name: <cell-element>
# type: matrix
# rows: 3
# columns: 3
 0.053874023381941069 0.047750777857293369 0.037289560334972834
 0.047750777857293369 0.052629300510814436 0.03982132878019716
 0.037289560334972834 0.03982132878019716 0.030421671922818982








# name: A_s
# type: global cell
# rows: 1
# columns: 2
# name: <cell-element>
# type: cell
# rows: 1
# columns: 4
# name: <cell-element>
# type: matrix
# rows: 3
# columns: 3
 0.12275094985961914 0.061188215017318727 0.079171282052993772
 0.13694329261779786 0.15306128263473512 0.11444748640060425
 0.17773971557617188 0.18598554134368897 0.1800074815750122



# name: <cell-element>
# type: matrix
# rows: 3
# columns: 3
 0.14983551502227782 0.15424599647521972 0.10945608615875244
 0.077999675273895258 0.06443976163864136 0.14510025978088378
 0.11234920024871826 0.15569862127304077 0.19472776651382445



# name: <cell-element>
# type: matrix
# rows: 3
# columns: 3
 0.1825110673904419 0.10695035457611084 0.10136233568191529
 0.12821369171142577 0.10368646383285522 0.17044906616210936
 0.18648506402969361 0.17827919721603394 0.19575464725494385



# name: <cell-element>
# type: matrix
# rows: 3
# columns: 3
 0.03498559594154358 0.044082614779472354 0.07813685536384582
 0.19616447687149047 0.070745545625686648 0.0036310918629169466
 0.060257017612457275 0.12727210521697999 0.013236206769943238






# name: <cell-element>
# type: cell
# rows: 1
# columns: 4
# name: <cell-element>
# type: matrix
# rows: 3
# columns: 3
 0.036002910137176512 0.17634539604187011 0.18625955581665038
 0.020163646340370177 0.18398706912994384 0.078373152017593387
 0.13018323183059693 0.046311706304550171 0.004063825309276581



# name: <cell-element>
# type: matrix
# rows: 3
# columns: 3
 0.13004988431930542 0.1141173005104065 0.13280416727066041
 0.17956506013870238 0.030324816703796387 0.088025146722793574
 0.11583827733993531 0.14366980791091918 0.17955681085586547



# name: <cell-element>
# type: matrix
# rows: 3
# columns: 3
 0.11816781759262085 0.13081511259078979 0.087072169780731207
 0.11671249866485596 0.025591832399368287 0.18178793191909789
 0.16319035291671752 0.18356406688690186 0.07697749137878418



# name: <cell-element>
# type: matrix
# rows: 3
# columns: 3
 0.11100659370422364 0.10571743249893188 0.17428535223007202
 0.09390228390693664 0.181656813621521 0.10398299694061279
 0.062657672166824344 0.13357311487197876 0.093026399612426758








# name: b
# type: global cell
# rows: 1
# columns: 2
# name: <cell-element>
# type: matrix
# rows: 4
# columns: 1
 175.20693778991699
 155.76736450195312
 171.23459815979004
 158.41415345668793



# name: <cell-element>
# type: matrix
# rows: 4
# columns: 1
 180.01188039779663
 150.14805296435952
 187.28620529174805
 165.6253981590271





# name: alpha
# type: global cell
# rows: 1
# columns: 2
# name: <cell-element>
# type: scalar
0.90000000000000002



# name: <cell-element>
# type: scalar
0.90000000000000002





# name: x_min
# type: global cell
# rows: 1
# columns: 2
# name: <cell-element>
# type: matrix
# rows: 4
# columns: 3
 56 56 56
 56 56 56
 56 56 56
 56 56 56



# name: <cell-element>
# type: matrix
# rows: 4
# columns: 3
 57 57 57
 57 57 57
 57 57 57
 57 57 57





# name: x_max
# type: global cell
# rows: 1
# columns: 2
# name: <cell-element>
# type: matrix
# rows: 4
# columns: 3
 201.28516659140587 202.36213013529778 208.86562466621399
 205.84531903266907 207.95330107212067 204.50399369001389
 202.70526319742203 208.61256062984467 202.5422590970993
 201.77138388156891 205.82600772380829 205.63067317008972



# name: <cell-element>
# type: matrix
# rows: 4
# columns: 3
 204.60101634263992 209.88169848918915 207.45560765266418
 205.24170696735382 203.10931235551834 207.03597545623779
 208.97940754890442 206.14260792732239 200.58307506144047
 205.03339111804962 204.40795868635178 202.614905834198





# name: x
# type: global cell
# rows: 1
# columns: 2
# name: <cell-element>
# type: matrix
# rows: 4
# columns: 3
 79.220590597942106 83.121292656431933 83.23304561769703
 85.717672555001087 81.483521667939371 81.489716254360715
 73.362480421750263 77.055795452342721 73.387243017472812
 87.014411691954606 91.377864401312223 93.821408143816214



# name: <cell-element>
# type: matrix
# rows: 4
# columns: 3
 96.845349510292166 91.083550028177882 92.65679445172573
 78.582174420410979 85.486853595286235 79.873980406838228
 94.287768728352447 91.812414792062469 94.721441613200312
 89.835806974341367 83.851586594648566 83.728896071741545





