# Created by Octave 5.2.0, Sun Jun 21 16:20:04 2020 IST <nalin@nalinspc>
# name: N1
# type: global scalar
0


# name: N2
# type: global scalar
0


# name: N3
# type: global scalar
4


# name: M
# type: global scalar
3


# name: beta
# type: global matrix
# rows: 4
# columns: 3
 300 300 300
 300 300 300
 300 300 300
 300 300 300


# name: delta
# type: global matrix
# rows: 4
# columns: 3
 1 1 1
 1 1 1
 1 1 1
 1 1 1


# name: c
# type: global cell
# rows: 1
# columns: 2
# name: <cell-element>
# type: matrix
# rows: 4
# columns: 3
 20 20 20
 20 20 20
 20 20 20
 20 20 20



# name: <cell-element>
# type: matrix
# rows: 4
# columns: 3
 15 15 15
 15 15 15
 15 15 15
 15 15 15





# name: A_u
# type: global cell
# rows: 1
# columns: 2
# name: <cell-element>
# type: matrix
# rows: 4
# columns: 3
 0.2789381325244904 0.21760385930538179 0.24247668087482455
 0.2566205382347107 0.27084141373634341 0.26496906280517579
 0.24754822254180908 0.26844985485076905 0.23091008365154267
 0.21121360585093499 0.20588784441351893 0.227126544713974



# name: <cell-element>
# type: matrix
# rows: 4
# columns: 3
 0.22116098999977113 0.25980569124221803 0.21967278718948366
 0.28765321969985963 0.22322234660387041 0.2738694906234741
 0.20471481867134572 0.22687303125858307 0.28510838150978091
 0.27124808430671693 0.2383119434118271 0.25805768370628357





# name: A_v
# type: global cell
# rows: 1
# columns: 2
# name: <cell-element>
# type: cell
# rows: 1
# columns: 4
# name: <cell-element>
# type: matrix
# rows: 3
# columns: 3
 0.034303528713470796 0.023177106054453313 0.03444743097765933
 0.023177106054453313 0.069620125868820715 0.050773819563632333
 0.03444743097765933 0.050773819563632333 0.048838341532468091



# name: <cell-element>
# type: matrix
# rows: 3
# columns: 3
 0.054232467121131438 0.010293949407079657 0.025775007812314198
 0.010293949407079657 0.0022992980550520102 0.0040667945887500785
 0.025775007812314198 0.0040667945887500785 0.019734644565287368



# name: <cell-element>
# type: matrix
# rows: 3
# columns: 3
 0.027905081872742959 0.032136965590769152 0.020481152416151963
 0.032136965590769152 0.048435495834646215 0.039307700179506133
 0.020481152416151963 0.039307700179506133 0.043172379033786151



# name: <cell-element>
# type: matrix
# rows: 3
# columns: 3
 0.031056843502954942 0.031940553426614039 0.034953894198297919
 0.031940553426614039 0.048340877646395497 0.035740113379718393
 0.034953894198297919 0.035740113379718393 0.040088728556703049






# name: <cell-element>
# type: cell
# rows: 1
# columns: 4
# name: <cell-element>
# type: matrix
# rows: 3
# columns: 3
 0.038344906063720999 0.039055308390929966 0.044405045265756372
 0.039055308390929966 0.048667003429967409 0.051417334786254619
 0.044405045265756372 0.051417334786254619 0.056663370757561754



# name: <cell-element>
# type: matrix
# rows: 3
# columns: 3
 0.066836814256575533 0.065775234487759057 0.044483559227754266
 0.065775234487759057 0.065956365795021413 0.047686505690361647
 0.044483559227754266 0.047686505690361647 0.050797185131353201



# name: <cell-element>
# type: matrix
# rows: 3
# columns: 3
 0.03558032179741364 0.029869238245135429 0.015796576520980422
 0.029869238245135429 0.029020762150246002 0.01576566695803228
 0.015796576520980422 0.01576566695803228 0.010984883672818968



# name: <cell-element>
# type: matrix
# rows: 3
# columns: 3
 0.044742212341860071 0.042001921195319827 0.026716691813430272
 0.042001921195319827 0.040575014478041502 0.024349816612690686
 0.026716691813430272 0.024349816612690686 0.05165277785427267








# name: A_s
# type: global cell
# rows: 1
# columns: 2
# name: <cell-element>
# type: cell
# rows: 1
# columns: 4
# name: <cell-element>
# type: matrix
# rows: 3
# columns: 3
 0.04028868079185486 0.18059563636779785 0.0080973476171493537
 0.18181035518646241 0.079989820718765259 0.1736857771873474
 0.10836292505264282 0.16189061403274535 0.10434197187423706



# name: <cell-element>
# type: matrix
# rows: 3
# columns: 3
 0.16834932565689087 0.12871627807617186 0.096556156873703003
 0.042103481292724607 0.0091053679585456852 0.021063883602619172
 0.024326364696025848 0.088903832435607913 0.1060140609741211



# name: <cell-element>
# type: matrix
# rows: 3
# columns: 3
 0.04366835057735443 0.062779718637466425 0.14851553440093995
 0.13981320858001708 0.11179747581481933 0.12801986932754517
 0.19393998384475708 0.031863367557525633 0.067412072420120234



# name: <cell-element>
# type: matrix
# rows: 3
# columns: 3
 0.11899186372756958 0.046462684869766235 0.12140427827835083
 0.17915102243423461 0.12056132555007934 0.041361281275749208
 0.14899195432662965 0.030359768867492677 0.13026285171508789






# name: <cell-element>
# type: cell
# rows: 1
# columns: 4
# name: <cell-element>
# type: matrix
# rows: 3
# columns: 3
 0.093479716777801508 0.11374852657318116 0.12910352945327758
 0.065960919857025152 0.19254250526428224 0.085109013319015506
 0.11295472383499146 0.18420473337173462 0.099865996837615961



# name: <cell-element>
# type: matrix
# rows: 3
# columns: 3
 0.11242784261703491 0.12382736206054687 0.19713847637176513
 0.10310325622558594 0.15258557796478273 0.17900761365890502
 0.13244620561599732 0.17833667993545532 0.038094833493232727



# name: <cell-element>
# type: matrix
# rows: 3
# columns: 3
 0.14727840423583985 0.064002555608749387 0.098959922790527344
 0.084909754991531375 0.0885600745677948 0.1181871771812439
 0.045745494961738589 0.087609374523162836 0.034883102774620055



# name: <cell-element>
# type: matrix
# rows: 3
# columns: 3
 0.0059469044208526611 0.17320394515991211 0.12127341032028198
 0.004939572885632515 0.14320148229599 0.14157665967941285
 0.19155936241149901 0.10942456722259522 0.054626482725143435








# name: b
# type: global cell
# rows: 1
# columns: 2
# name: <cell-element>
# type: matrix
# rows: 4
# columns: 1
 164.71637010574341
 153.52326244115829
 174.22598361968994
 163.88312697410583



# name: <cell-element>
# type: matrix
# rows: 4
# columns: 1
 189.49111938476562
 159.29998695850372
 157.81837999820709
 180.89944362640381





# name: alpha
# type: global cell
# rows: 1
# columns: 2
# name: <cell-element>
# type: scalar
0.90000000000000002



# name: <cell-element>
# type: scalar
0.90000000000000002





# name: x_min
# type: global cell
# rows: 1
# columns: 2
# name: <cell-element>
# type: matrix
# rows: 4
# columns: 3
 56 56 56
 56 56 56
 56 56 56
 56 56 56



# name: <cell-element>
# type: matrix
# rows: 4
# columns: 3
 57 57 57
 57 57 57
 57 57 57
 57 57 57





# name: x_max
# type: global cell
# rows: 1
# columns: 2
# name: <cell-element>
# type: matrix
# rows: 4
# columns: 3
 208.73873591423035 203.25655490159988 201.90867319703102
 206.51920258998871 203.89484912157059 202.22339764237404
 204.3633770942688 202.06891477108002 200.51239129155874
 203.74648749828339 201.75746947526932 206.23807847499847



# name: <cell-element>
# type: matrix
# rows: 4
# columns: 3
 201.15495085716248 203.99325430393219 201.5569144487381
 207.93326020240784 200.51396358758211 207.41195499897003
 203.66744220256805 206.233731508255 209.94383215904236
 200.52449852228165 202.41577640175819 200.59389892965555





# name: x
# type: global cell
# rows: 1
# columns: 2
# name: <cell-element>
# type: matrix
# rows: 4
# columns: 3
 88.550857496961882 90.166454067532911 89.349551612329321
 93.506729658291206 93.886568648230167 94.715028557437833
 91.304472025886554 91.865486598665726 91.902167654954923
 90.427059777522203 92.834851526537832 91.715062964177292



# name: <cell-element>
# type: matrix
# rows: 4
# columns: 3
 94.680480476804249 91.926762587507909 93.998005764010713
 84.822551763644896 84.077775837682282 82.9813222107379
 92.279922930728148 92.486854007288258 91.611598104263166
 93.611606426923686 91.029818738104154 92.396888363906086





