# Created by Octave 5.2.0, Sun Jun 21 16:07:29 2020 IST <nalin@nalinspc>
# name: N1
# type: global scalar
0


# name: N2
# type: global scalar
0


# name: N3
# type: global scalar
4


# name: M
# type: global scalar
3


# name: beta
# type: global matrix
# rows: 4
# columns: 3
 300 300 300
 300 300 300
 300 300 300
 300 300 300


# name: delta
# type: global matrix
# rows: 4
# columns: 3
 1 1 1
 1 1 1
 1 1 1
 1 1 1


# name: c
# type: global cell
# rows: 1
# columns: 2
# name: <cell-element>
# type: matrix
# rows: 4
# columns: 3
 20 20 20
 20 20 20
 20 20 20
 20 20 20



# name: <cell-element>
# type: matrix
# rows: 4
# columns: 3
 15 15 15
 15 15 15
 15 15 15
 15 15 15





# name: A_u
# type: global matrix
# rows: 0
# columns: 0


# name: A_v
# type: global matrix
# rows: 0
# columns: 0


# name: A_s
# type: global matrix
# rows: 0
# columns: 0


# name: b
# type: global matrix
# rows: 0
# columns: 0


# name: alpha
# type: global cell
# rows: 1
# columns: 2
# name: <cell-element>
# type: scalar
0.90000000000000002



# name: <cell-element>
# type: scalar
0.90000000000000002





# name: x_min
# type: global cell
# rows: 1
# columns: 2
# name: <cell-element>
# type: matrix
# rows: 4
# columns: 3
 56 56 56
 56 56 56
 56 56 56
 56 56 56



# name: <cell-element>
# type: matrix
# rows: 4
# columns: 3
 57 57 57
 57 57 57
 57 57 57
 57 57 57





# name: x_max
# type: global cell
# rows: 1
# columns: 2
# name: <cell-element>
# type: matrix
# rows: 4
# columns: 3
 208.66802453994751 207.40807712078094 208.95304024219513
 209.12651062011719 207.61565029621124 201.60329699516296
 200.93660846352577 208.92578363418579 207.37411797046661
 201.6646072268486 201.49911507964134 203.64944040775299



# name: <cell-element>
# type: matrix
# rows: 4
# columns: 3
 204.27681982517242 201.49603962898254 209.74754691123962
 203.03738355636597 203.87768357992172 200.6349304318428
 200.64550429582596 202.71207541227341 209.26493167877197
 201.84287801384926 209.19961988925934 204.77064669132233





# name: x
# type: global cell
# rows: 1
# columns: 2
# name: <cell-element>
# type: matrix
# rows: 4
# columns: 3
 91.66650879273584 91.66652057133561 91.666523954111611
 91.666535580305222 91.666510561842628 91.666501904021317
 91.6665273826614 91.66651997508869 91.666537956387785
 91.666535235306441 91.666502319501106 91.66651550222754



# name: <cell-element>
# type: matrix
# rows: 4
# columns: 3
 96.66673316138656 96.666730393960833 96.666724135366337
 96.666712428704855 96.666724312054399 96.666742947840007
 96.666717560296519 96.666727067029171 96.6667156097012
 96.666720469680044 96.666731946770199 96.666735980915206





# name: w
# type: matrix
# rows: 32
# columns: 1
 4.5181570867359149
 4.5181573789644052
 4.5181572895354316
 4.5181573752007766
 4.5181572152299436
 4.5181571060352947
 4.5181572087254214
 4.5181570161186846
 4.5181572521330127
 4.5181570115861698
 4.5181574048853426
 4.5181571599304933
 0.25000000000016692
 0.25000000000007744
 0.24999999999982817
 0.24999999999992736
 4.5712693221885861
 4.571269107712693
 4.5712691607980975
 4.5712691908951522
 4.5712692935600634
 4.5712692306438294
 4.5712692591435511
 4.5712693096235979
 4.571269228816023
 4.5712694234276849
 4.5712691406195356
 4.5712693513561033
 0.25000000000003358
 0.249999999999962
 0.24999999999998707
 0.25000000000001737


# name: payoffs_history
# type: cell
# rows: 1
# columns: 2
# name: <cell-element>
# type: matrix
# rows: 1
# columns: 21
 36864 215471.99999999977 113364.00255976742 125460.75182653747 105982.12810493793 106738.17472522351 102246.54103893807 102293.79398345438 101194.5053298698 101197.45862427227 100924.11989931225 100924.30447195913 100856.11973265972 100856.13133222585 100838.93382769541 100838.93455710722 100834.94968186194 100834.94972081549 100833.18356418752 100833.18356735555 100833.26769858984



# name: <cell-element>
# type: matrix
# rows: 1
# columns: 21
 37584 20016.000031382493 68403.000197447967 97168.499503388288 100192.68758538755 108896.15468334639 109085.1665843494 111355.54485289875 111367.35816849588 111940.85735141899 111941.59566000718 112085.20754839643 112085.25361131548 112121.33286412098 112121.33576670801 112130.36776481227 112130.36793878497 112132.81729570523 112132.81731300667 112133.50349224632 112133.50349229504





# name: total_iter
# type: scalar
20


# name: opti
# type: cell
# rows: 1
# columns: 2
# name: <cell-element>
# type: matrix
# rows: 29
# columns: 1
 1.1102230246251565e-16
 0.25000000000016692
 0.25000000000007744
 0.24999999999982817
 0.24999999999992736
 35.66650879273584
 35.666535580305222
 35.6665273826614
 35.666535235306441
 35.66652057133561
 35.666510561842628
 35.66651997508869
 35.666502319501106
 35.666523954111611
 35.666501904021317
 35.666537956387785
 35.66651550222754
 117.00151574721167
 117.45997503981197
 109.27008108086437
 109.99807199154216
 115.74155654944533
 115.94913973436861
 117.2592636590971
 109.83261276014024
 117.28651628808352
 109.93679509114165
 115.70758001407883
 111.98292490552545



# name: <cell-element>
# type: matrix
# rows: 29
# columns: 1
 0
 0.25000000000003358
 0.249999999999962
 0.24999999999998707
 0.25000000000001737
 39.66673316138656
 39.666712428704855
 39.666717560296519
 39.666720469680044
 39.666730393960833
 39.666724312054399
 39.666727067029171
 39.666731946770199
 39.666724135366337
 39.666742947840007
 39.6667156097012
 39.666735980915206
 107.61008666378586
 106.37067112766111
 103.97878673552944
 105.17615754416921
 104.82930923502171
 107.21095926786732
 106.04534834524424
 112.53288794248914
 113.08082277587329
 103.9681874840028
 112.59821606907077
 108.10391071040712





