# Created by Octave 5.2.0, Sun Jun 21 16:10:37 2020 IST <nalin@nalinspc>
# name: N1
# type: global scalar
0


# name: N2
# type: global scalar
0


# name: N3
# type: global scalar
4


# name: M
# type: global scalar
3


# name: beta
# type: global matrix
# rows: 4
# columns: 3
 300 300 300
 300 300 300
 300 300 300
 300 300 300


# name: delta
# type: global matrix
# rows: 4
# columns: 3
 1 1 1
 1 1 1
 1 1 1
 1 1 1


# name: c
# type: global cell
# rows: 1
# columns: 2
# name: <cell-element>
# type: matrix
# rows: 4
# columns: 3
 20 20 20
 20 20 20
 20 20 20
 20 20 20



# name: <cell-element>
# type: matrix
# rows: 4
# columns: 3
 15 15 15
 15 15 15
 15 15 15
 15 15 15





# name: A_u
# type: global matrix
# rows: 0
# columns: 0


# name: A_v
# type: global matrix
# rows: 0
# columns: 0


# name: A_s
# type: global matrix
# rows: 0
# columns: 0


# name: b
# type: global matrix
# rows: 0
# columns: 0


# name: alpha
# type: global cell
# rows: 1
# columns: 2
# name: <cell-element>
# type: scalar
0.90000000000000002



# name: <cell-element>
# type: scalar
0.90000000000000002





# name: x_min
# type: global cell
# rows: 1
# columns: 2
# name: <cell-element>
# type: matrix
# rows: 4
# columns: 3
 56 56 56
 56 56 56
 56 56 56
 56 56 56



# name: <cell-element>
# type: matrix
# rows: 4
# columns: 3
 57 57 57
 57 57 57
 57 57 57
 57 57 57





# name: x_max
# type: global cell
# rows: 1
# columns: 2
# name: <cell-element>
# type: matrix
# rows: 4
# columns: 3
 209.06587839126587 201.37581184506416 205.64774572849274
 208.60905408859253 202.68705576658249 202.58598476648331
 204.58445876836777 204.52976167201996 204.90840822458267
 200.00983426347375 208.54833126068115 208.98573219776154



# name: <cell-element>
# type: matrix
# rows: 4
# columns: 3
 208.69547545909882 202.54146188497543 208.77042174339294
 206.95880055427551 204.1679173707962 209.46208536624908
 200.95917962491512 202.91254758834839 203.85860085487366
 205.92331230640411 206.8168181180954 200.32443132251501





# name: x
# type: global cell
# rows: 1
# columns: 2
# name: <cell-element>
# type: matrix
# rows: 4
# columns: 3
 91.66666863901763 91.666667763092761 91.666670393825413
 91.666665337893804 91.666666462748665 91.666665336123813
 91.666656250445968 91.666660543600415 91.666668188473267
 91.666660204536569 91.666655593996637 91.666673335554577



# name: <cell-element>
# type: matrix
# rows: 4
# columns: 3
 96.6666579365274 96.666654414049191 96.666654226525054
 96.666656741659253 96.666653326514989 96.666660866037162
 96.666663362905311 96.66666001796662 96.666659839462213
 96.666658439706382 96.666656578813473 96.666656938376818





# name: w
# type: matrix
# rows: 32
# columns: 1
 4.5181588305150173
 4.5181587945027575
 4.5181586953669566
 4.5181587385024944
 4.5181588209594734
 4.5181588067739016
 4.5181587422013729
 4.5181586882056903
 4.5181588496583744
 4.5181587944834485
 4.518158825599988
 4.5181588817499634
 0.2499999999999673
 0.24999999999995673
 0.25000000000001049
 0.25000000000006545
 4.5712685440006204
 4.5712685316399142
 4.5712686001355678
 4.5712685492059206
 4.5712685075611867
 4.5712684963108314
 4.5712685655327521
 4.5712685299553026
 4.5712685056212816
 4.5712685743058961
 4.5712685636861545
 4.5712685336749237
 0.25000000000001416
 0.25000000000002592
 0.25000000000000122
 0.24999999999995873


# name: payoffs_history
# type: cell
# rows: 1
# columns: 2
# name: <cell-element>
# type: matrix
# rows: 1
# columns: 23
 36864 215471.99999999948 113364.00102486109 125460.75203418598 105982.12313784072 106738.17002903782 102246.53613067156 102293.78906636391 101194.49847316853 101197.45156609293 100924.11568718057 100924.30025877553 100856.12163875965 100856.13323174111 100839.28186801518 100839.28255139136 100834.29422778361 100834.29426823265 100833.15939341525 100833.15939399939 100833.3014027866 100833.3014029101 100833.34317021631



# name: <cell-element>
# type: matrix
# rows: 1
# columns: 23
 37584 20015.999689896074 68402.998048929003 97168.500030200565 100192.68830100523 108896.15769287752 109085.16931218986 111355.56803420001 111367.38148450531 111940.86022500669 111941.59850289748 112085.21441392033 112085.26047542656 112121.43210423618 112121.43502249941 112130.6734488254 112130.67366616105 112133.17076484111 112133.17077202164 112133.46851376005 112133.46851387082 112133.33545522373 112133.33545523223





# name: total_iter
# type: scalar
22


# name: opti
# type: cell
# rows: 1
# columns: 2
# name: <cell-element>
# type: matrix
# rows: 29
# columns: 1
 0
 0.2499999999999673
 0.24999999999995673
 0.25000000000001049
 0.25000000000006545
 35.66666863901763
 35.666665337893804
 35.666656250445968
 35.666660204536569
 35.666667763092761
 35.666666462748665
 35.666660543600415
 35.666655593996637
 35.666670393825413
 35.666665336123813
 35.666668188473267
 35.666673335554577
 117.39920975224824
 116.94238875069873
 112.9178025179218
 108.34317405893718
 109.7091440819714
 111.02038930383382
 112.86310112841954
 116.88167566668452
 113.98107533466732
 110.91931943035949
 113.24174003610941
 117.31905886220696



# name: <cell-element>
# type: matrix
# rows: 29
# columns: 1
 0
 0.25000000000001416
 0.25000000000002592
 0.25000000000000122
 0.24999999999995873
 39.6666579365274
 39.666656741659253
 39.666663362905311
 39.666658439706382
 39.666654414049191
 39.666653326514989
 39.66666001796662
 39.666656578813473
 39.666654226525054
 39.666660866037162
 39.666659839462213
 39.666656938376818
 112.02881752257142
 110.29214381261626
 104.29251626200981
 109.25665386669773
 105.87480747092624
 107.50126404428121
 106.24588757038177
 110.15016153928192
 112.10376751686789
 112.79542450021192
 107.19194101541144
 103.65777438413819





