# Created by Octave 5.2.0, Sun Jun 21 16:08:34 2020 IST <nalin@nalinspc>
# name: N1
# type: global scalar
0


# name: N2
# type: global scalar
0


# name: N3
# type: global scalar
4


# name: M
# type: global scalar
3


# name: beta
# type: global matrix
# rows: 4
# columns: 3
 300 300 300
 300 300 300
 300 300 300
 300 300 300


# name: delta
# type: global matrix
# rows: 4
# columns: 3
 1 1 1
 1 1 1
 1 1 1
 1 1 1


# name: c
# type: global cell
# rows: 1
# columns: 2
# name: <cell-element>
# type: matrix
# rows: 4
# columns: 3
 20 20 20
 20 20 20
 20 20 20
 20 20 20



# name: <cell-element>
# type: matrix
# rows: 4
# columns: 3
 15 15 15
 15 15 15
 15 15 15
 15 15 15





# name: A_u
# type: global matrix
# rows: 0
# columns: 0


# name: A_v
# type: global matrix
# rows: 0
# columns: 0


# name: A_s
# type: global matrix
# rows: 0
# columns: 0


# name: b
# type: global matrix
# rows: 0
# columns: 0


# name: alpha
# type: global cell
# rows: 1
# columns: 2
# name: <cell-element>
# type: scalar
0.90000000000000002



# name: <cell-element>
# type: scalar
0.90000000000000002





# name: x_min
# type: global cell
# rows: 1
# columns: 2
# name: <cell-element>
# type: matrix
# rows: 4
# columns: 3
 56 56 56
 56 56 56
 56 56 56
 56 56 56



# name: <cell-element>
# type: matrix
# rows: 4
# columns: 3
 57 57 57
 57 57 57
 57 57 57
 57 57 57





# name: x_max
# type: global cell
# rows: 1
# columns: 2
# name: <cell-element>
# type: matrix
# rows: 4
# columns: 3
 202.59373694658279 204.83915716409683 203.82191717624664
 204.20472383499146 203.12212705612183 205.95434188842773
 203.58959048986435 208.45594882965088 200.12632977217436
 206.82477235794067 202.98945367336273 206.62128925323486



# name: <cell-element>
# type: matrix
# rows: 4
# columns: 3
 204.76311445236206 204.0745285153389 206.30963802337646
 201.34386911988258 207.7251261472702 205.2364981174469
 208.14635872840881 202.85787343978882 206.2421452999115
 206.62864804267883 202.01212838292122 201.53703555464745





# name: x
# type: global cell
# rows: 1
# columns: 2
# name: <cell-element>
# type: matrix
# rows: 4
# columns: 3
 91.66666661530077 91.666662706517116 91.666669731932004
 91.666673232725145 91.666676778320692 91.666657212686786
 91.666683196294329 91.666659821682373 91.666662299905369
 91.666648370765145 91.666666244853587 91.666657649529057



# name: <cell-element>
# type: matrix
# rows: 4
# columns: 3
 96.666648810226533 96.666655744200682 96.66665470001432
 96.666652115325348 96.66665801530597 96.666654036335473
 96.666654759020389 96.666648635142764 96.666655863536747
 96.666656067807594 96.666657440077657 96.666661850707428





# name: w
# type: matrix
# rows: 32
# columns: 1
 4.5181588084381064
 4.5181588806281878
 4.5181589893216563
 4.5181586094067887
 4.5181587657968292
 4.5181589193074085
 4.5181587343259029
 4.5181588043968643
 4.5181588424377193
 4.5181587058641304
 4.5181587613610645
 4.5181587106296828
 0.250000000000066
 0.249999999999856
 0.25000000000000749
 0.25000000000007044
 4.5712684495905984
 4.5712684837812816
 4.5712685111298548
 4.5712685246690343
 4.5712685213213762
 4.5712685448155712
 4.5712684477793868
 4.571268538864933
 4.571268510519447
 4.571268503653803
 4.5712685225558873
 4.5712685844921408
 0.24999999999998099
 0.2500000000000242
 0.25000000000001116
 0.24999999999998376


# name: payoffs_history
# type: cell
# rows: 1
# columns: 2
# name: <cell-element>
# type: matrix
# rows: 1
# columns: 23
 36864 215471.99999999953 113364.00140241123 125460.74923433356 105982.12725701765 106738.17413668436 102246.54126778699 102293.79418536843 101194.51279172236 101197.46611986725 100924.12130237768 100924.30588732313 100856.22048645155 100856.23195714731 100838.52252364102 100838.52317220214 100834.50922787524 100834.50926322493 100833.17867883736 100833.17868055667 100833.28906553797 100833.2890656628 100833.34634654291



# name: <cell-element>
# type: matrix
# rows: 1
# columns: 23
 37584 20016.000454644542 68403.00286047197 97168.499310280284 100192.68637751647 108896.1552531075 109085.16712717366 111355.53771499066 111367.35096069254 111940.85193866855 111941.59027391671 112085.34671865229 112085.39287056887 112122.06632241534 112122.06938009799 112130.70994512684 112130.71009812863 112133.03236705648 112133.03237755736 112133.47630549439 112133.47630557936 112133.33489346254 112133.33489348181





# name: total_iter
# type: scalar
22


# name: opti
# type: cell
# rows: 1
# columns: 2
# name: <cell-element>
# type: matrix
# rows: 29
# columns: 1
 0
 0.250000000000066
 0.249999999999856
 0.25000000000000749
 0.25000000000007044
 35.66666661530077
 35.666673232725145
 35.666683196294329
 35.666648370765145
 35.666662706517116
 35.666676778320692
 35.666659821682373
 35.666666244853587
 35.666669731932004
 35.666657212686786
 35.666662299905369
 35.666657649529057
 110.92707033128202
 112.53805060226631
 111.92290729357002
 115.15812398717553
 113.17249445757972
 111.45545027780113
 116.78928900796851
 111.32278742850914
 112.15524744431464
 114.28768467574095
 108.45966747226899
 114.95463160370581



# name: <cell-element>
# type: matrix
# rows: 29
# columns: 1
 -2.2204460492503131e-16
 0.24999999999998099
 0.2500000000000242
 0.25000000000001116
 0.24999999999998376
 39.666648810226533
 39.666652115325348
 39.666654759020389
 39.666656067807594
 39.666655744200682
 39.66665801530597
 39.666648635142764
 39.666657440077657
 39.66665470001432
 39.666654036335473
 39.666655863536747
 39.666661850707428
 108.09646564213553
 104.67721700455724
 111.47970396938842
 109.96199197487124
 107.40787277113822
 111.05846813196423
 106.19122480464605
 105.34547094284356
 109.64298332336215
 108.56984408111143
 109.57548943637475
 104.87037370394002





