# Created by Octave 5.2.0, Sun Jun 21 16:08:07 2020 IST <nalin@nalinspc>
# name: N1
# type: global scalar
0


# name: N2
# type: global scalar
0


# name: N3
# type: global scalar
4


# name: M
# type: global scalar
3


# name: beta
# type: global matrix
# rows: 4
# columns: 3
 300 300 300
 300 300 300
 300 300 300
 300 300 300


# name: delta
# type: global matrix
# rows: 4
# columns: 3
 1 1 1
 1 1 1
 1 1 1
 1 1 1


# name: c
# type: global cell
# rows: 1
# columns: 2
# name: <cell-element>
# type: matrix
# rows: 4
# columns: 3
 20 20 20
 20 20 20
 20 20 20
 20 20 20



# name: <cell-element>
# type: matrix
# rows: 4
# columns: 3
 15 15 15
 15 15 15
 15 15 15
 15 15 15





# name: A_u
# type: global matrix
# rows: 0
# columns: 0


# name: A_v
# type: global matrix
# rows: 0
# columns: 0


# name: A_s
# type: global matrix
# rows: 0
# columns: 0


# name: b
# type: global matrix
# rows: 0
# columns: 0


# name: alpha
# type: global cell
# rows: 1
# columns: 2
# name: <cell-element>
# type: scalar
0.90000000000000002



# name: <cell-element>
# type: scalar
0.90000000000000002





# name: x_min
# type: global cell
# rows: 1
# columns: 2
# name: <cell-element>
# type: matrix
# rows: 4
# columns: 3
 56 56 56
 56 56 56
 56 56 56
 56 56 56



# name: <cell-element>
# type: matrix
# rows: 4
# columns: 3
 57 57 57
 57 57 57
 57 57 57
 57 57 57





# name: x_max
# type: global cell
# rows: 1
# columns: 2
# name: <cell-element>
# type: matrix
# rows: 4
# columns: 3
 201.612309217453 200.48138704150915 202.60469794273376
 207.93517112731934 206.74550771713257 204.86658096313477
 202.92634516954422 201.07340857386589 206.93827629089355
 208.03473114967346 202.6168692111969 208.37832689285278



# name: <cell-element>
# type: matrix
# rows: 4
# columns: 3
 202.14154109358788 208.42990577220917 204.66911554336548
 204.26724761724472 206.76326513290405 209.08610582351685
 206.27114534378052 202.82142400741577 204.49784249067307
 200.43220613151789 208.80900084972382 202.34543830156326





# name: x
# type: global cell
# rows: 1
# columns: 2
# name: <cell-element>
# type: matrix
# rows: 4
# columns: 3
 91.666623847765038 91.666629503976992 91.66663162063864
 91.66663214498476 91.666640435142369 91.666632936762838
 91.666622088982095 91.666628714221247 91.666635765995238
 91.666630311292693 91.666632638150958 91.666628756844403



# name: <cell-element>
# type: matrix
# rows: 4
# columns: 3
 96.666751540106659 96.666737305757451 96.666745482745156
 96.666748253901631 96.666720118375096 96.666747634418925
 96.666752366980674 96.666746550750347 96.66673398006499
 96.666750881967701 96.666749604022257 96.666745420202986





# name: w
# type: matrix
# rows: 32
# columns: 1
 4.518158341883062
 4.5181584323982245
 4.5181583226963298
 4.5181584123943033
 4.5181584035872193
 4.5181585228363375
 4.5181583949716986
 4.5181584377782213
 4.5181584266780828
 4.5181584410358067
 4.5181584719001711
 4.5181583954366786
 0.25000000000014727
 0.25000000000015987
 0.24999999999993902
 0.24999999999975389
 4.5712695123131279
 4.5712694783179328
 4.5712695208669896
 4.5712695055047998
 4.5712693650613581
 4.571269187260965
 4.5712694606991411
 4.5712694922846859
 4.5712694496508206
 4.5712694719094964
 4.5712693306576675
 4.5712694490038333
 0.24999999999996309
 0.25000000000001388
 0.25000000000000572
 0.25000000000001743


# name: payoffs_history
# type: cell
# rows: 1
# columns: 2
# name: <cell-element>
# type: matrix
# rows: 1
# columns: 22
 36864 215471.99999999942 113363.99814626687 125460.74639035846 105982.12511313357 106738.17172547709 102246.53714699498 102293.79016637307 101194.49373616831 101197.44681298904 100924.11390455594 100924.29846446251 100855.76460123494 100855.77612178595 100839.50301277783 100839.50367918577 100835.0213993744 100835.02147615777 100833.4438643981 100833.44387169757 100833.24816223379 100833.24816224941



# name: <cell-element>
# type: matrix
# rows: 1
# columns: 22
 37584 20016.000543637972 68403.003420388952 97168.502429860266 100192.68908425866 108896.15509828363 109085.16675387969 111355.57198104935 111367.38549609433 111940.86554303585 111941.60380876076 112085.51776823701 112085.56402119296 112121.41418855512 112121.41698232663 112129.50924748027 112129.50943551376 112132.36244322383 112132.36245708546 112133.4197698482 112133.4197700581 112133.37501936767





# name: total_iter
# type: scalar
21


# name: opti
# type: cell
# rows: 1
# columns: 2
# name: <cell-element>
# type: matrix
# rows: 29
# columns: 1
 0
 0.25000000000014727
 0.25000000000015987
 0.24999999999993902
 0.24999999999975389
 35.666623847765038
 35.66663214498476
 35.666622088982095
 35.666630311292693
 35.666629503976992
 35.666640435142369
 35.666628714221247
 35.666632638150958
 35.66663162063864
 35.666632936762838
 35.666635765995238
 35.666628756844403
 109.94568536968796
 116.26853898233458
 111.25972308056213
 116.36810083838077
 108.81475753753216
 115.0788672819902
 109.40677985964464
 110.95023657304594
 110.93806632209512
 113.19994802637193
 115.27164052489832
 116.71169813600838



# name: <cell-element>
# type: matrix
# rows: 29
# columns: 1
 0
 0.24999999999996309
 0.25000000000001388
 0.25000000000000572
 0.25000000000001743
 39.666751540106659
 39.666748253901631
 39.666752366980674
 39.666750881967701
 39.666737305757451
 39.666720118375096
 39.666746550750347
 39.666749604022257
 39.666745482745156
 39.666747634418925
 39.66673398006499
 39.666745420202986
 105.47478955348122
 107.60049936334309
 109.60439297679984
 103.76545524955019
 111.76316846645172
 110.09654501452896
 106.15467745666542
 112.14225124570156
 108.00237006062032
 112.41935818909792
 107.83110851060808
 105.67869288136028





