# Created by Octave 5.2.0, Sun Jun 21 16:18:08 2020 IST <nalin@nalinspc>
# name: N1
# type: global scalar
0


# name: N2
# type: global scalar
0


# name: N3
# type: global scalar
4


# name: M
# type: global scalar
3


# name: beta
# type: global matrix
# rows: 4
# columns: 3
 300 300 300
 300 300 300
 300 300 300
 300 300 300


# name: delta
# type: global matrix
# rows: 4
# columns: 3
 1 1 1
 1 1 1
 1 1 1
 1 1 1


# name: c
# type: global cell
# rows: 1
# columns: 2
# name: <cell-element>
# type: matrix
# rows: 4
# columns: 3
 20 20 20
 20 20 20
 20 20 20
 20 20 20



# name: <cell-element>
# type: matrix
# rows: 4
# columns: 3
 15 15 15
 15 15 15
 15 15 15
 15 15 15





# name: A_u
# type: global cell
# rows: 1
# columns: 2
# name: <cell-element>
# type: matrix
# rows: 4
# columns: 3
 0.28247337937355044 0.29745004177093504 0.22451726943254471
 0.21276745945215225 0.27204471230506899 0.26044380664825439
 0.27827447652816772 0.23323816657066346 0.28919551372528074
 0.22368976324796677 0.27180453538894656 0.27781513333320618



# name: <cell-element>
# type: matrix
# rows: 4
# columns: 3
 0.20132659850642087 0.26674159169197087 0.28716322183609011
 0.28653131127357484 0.25885175466537474 0.29502466917037962
 0.25184699296951296 0.25845542550086975 0.23189090192317963
 0.27353371381759645 0.28884196281433105 0.23234894871711731





# name: A_v
# type: global cell
# rows: 1
# columns: 2
# name: <cell-element>
# type: cell
# rows: 1
# columns: 4
# name: <cell-element>
# type: matrix
# rows: 3
# columns: 3
 0.015869161278201611 0.0081503100690726148 0.013986213578294375
 0.0081503100690726148 0.0088795794743604887 0.013162970197724038
 0.013986213578294375 0.013162970197724038 0.034420565660242625



# name: <cell-element>
# type: matrix
# rows: 3
# columns: 3
 0.061059855152912519 0.021870025178116047 0.041375974261638256
 0.021870025178116047 0.010185835225868207 0.019966514991415083
 0.041375974261638256 0.019966514991415083 0.040382775761554759



# name: <cell-element>
# type: matrix
# rows: 3
# columns: 3
 0.006110569228817809 0.0073092164604399157 0.014123540425587292
 0.0073092164604399157 0.011036239208501764 0.022318776789733333
 0.014123540425587292 0.022318776789733333 0.049584838436154577



# name: <cell-element>
# type: matrix
# rows: 3
# columns: 3
 0.028189204956885237 0.025810658550621698 0.0068217655903484156
 0.025810658550621698 0.032253423972866471 0.0052390863239111509
 0.0068217655903484156 0.0052390863239111509 0.02412322964556016






# name: <cell-element>
# type: cell
# rows: 1
# columns: 4
# name: <cell-element>
# type: matrix
# rows: 3
# columns: 3
 0.055520961330164702 0.06161530314999205 0.052793142086162217
 0.06161530314999205 0.088155450296790297 0.061360974146827799
 0.052793142086162217 0.061360974146827799 0.056073241752619261



# name: <cell-element>
# type: matrix
# rows: 3
# columns: 3
 0.069487599579603654 0.060861766541245289 0.029001042339261505
 0.060861766541245289 0.074034733019128815 0.049576333836041042
 0.029001042339261505 0.049576333836041042 0.040306154162926336



# name: <cell-element>
# type: matrix
# rows: 3
# columns: 3
 0.031542356035696245 0.045402767004396619 0.029955679593651363
 0.045402767004396619 0.067856138300725205 0.044632829896375202
 0.029955679593651363 0.044632829896375202 0.029960244575267192



# name: <cell-element>
# type: matrix
# rows: 3
# columns: 3
 0.0084017172934142455 0.020119274101869752 0.0095814256756855693
 0.020119274101869752 0.063131583609382355 0.027644141875336169
 0.0095814256756855693 0.027644141875336169 0.012439510565204535








# name: A_s
# type: global cell
# rows: 1
# columns: 2
# name: <cell-element>
# type: cell
# rows: 1
# columns: 4
# name: <cell-element>
# type: matrix
# rows: 3
# columns: 3
 0.1156119465827942 0.042086994647979735 0.027050396800041197
 0.036512467265129092 0.086142212152481079 0.011222232133150101
 0.04686340093612671 0.11498260498046875 0.13785277605056762



# name: <cell-element>
# type: matrix
# rows: 3
# columns: 3
 0.1900789737701416 0.12219088077545166 0.099996137619018557
 0.065009129047393796 0.077194541692733765 0.00080690719187259674
 0.10113245248794556 0.17338244915008544 0.0096710465848445885



# name: <cell-element>
# type: matrix
# rows: 3
# columns: 3
 0.05402641296386719 0.0078918971121311188 0.055941343307495117
 0.030053332448005676 0.016301220655441283 0.099334317445755008
 0.045285356044769284 0.09757426381111145 0.19497009515762329



# name: <cell-element>
# type: matrix
# rows: 3
# columns: 3
 0.10992352962493897 0.12582799196243286 0.01653296798467636
 0.1703546166419983 0.053943777084350587 0.017966565489768983
 0.0053293161094188687 0.029536390304565431 0.1523890733718872






# name: <cell-element>
# type: cell
# rows: 1
# columns: 4
# name: <cell-element>
# type: matrix
# rows: 3
# columns: 3
 0.14481923580169678 0.023774363100528717 0.18434513807296754
 0.17374830245971679 0.16359438896179199 0.17664612531661988
 0.19754899740219117 0.027433258295059205 0.12765207290649414



# name: <cell-element>
# type: matrix
# rows: 3
# columns: 3
 0.18379371166229247 0.18790466785430909 0.019982665777206421
 0.12349306344985962 0.18664937019348143 0.15474562644958495
 0.034684085845947267 0.10242550373077393 0.16915136575698853



# name: <cell-element>
# type: matrix
# rows: 3
# columns: 3
 0.099515587091445923 0.12181923389434815 0.082456523180007929
 0.12005715370178223 0.16510188579559326 0.16181404590606691
 0.063730794191360476 0.12653062343597413 0.099441599845886228



# name: <cell-element>
# type: matrix
# rows: 3
# columns: 3
 0.020629502832889557 0.035207557678222659 0.082076603174209589
 0.0686629593372345 0.19345623254776001 0.14488501548767091
 0.023852245509624483 0.075864177942275998 0.078199791908264163








# name: b
# type: global cell
# rows: 1
# columns: 2
# name: <cell-element>
# type: matrix
# rows: 4
# columns: 1
 172.84718751907349
 172.78835773468018
 189.42828178405762
 175.75806617736816



# name: <cell-element>
# type: matrix
# rows: 4
# columns: 1
 173.62998723983765
 178.19280385971069
 184.34313297271729
 166.15969896316528





# name: alpha
# type: global cell
# rows: 1
# columns: 2
# name: <cell-element>
# type: scalar
0.90000000000000002



# name: <cell-element>
# type: scalar
0.90000000000000002





# name: x_min
# type: global cell
# rows: 1
# columns: 2
# name: <cell-element>
# type: matrix
# rows: 4
# columns: 3
 56 56 56
 56 56 56
 56 56 56
 56 56 56



# name: <cell-element>
# type: matrix
# rows: 4
# columns: 3
 57 57 57
 57 57 57
 57 57 57
 57 57 57





# name: x_max
# type: global cell
# rows: 1
# columns: 2
# name: <cell-element>
# type: matrix
# rows: 4
# columns: 3
 208.08445036411285 207.01804220676422 204.43052679300308
 202.33950078487396 206.31043612957001 201.4982233941555
 203.92121344804764 207.14721977710724 201.72035589814186
 201.21979288756847 208.17574620246887 200.74277102947235



# name: <cell-element>
# type: matrix
# rows: 4
# columns: 3
 206.07390105724335 206.8968391418457 207.12989926338196
 209.88217890262604 203.2060569524765 203.3116939663887
 209.08396601676941 202.87609815597534 202.114297747612
 209.72686886787415 203.61369162797928 201.13283410668373





# name: x
# type: global cell
# rows: 1
# columns: 2
# name: <cell-element>
# type: matrix
# rows: 4
# columns: 3
 97.353248907298678 95.772063077702924 97.850496001411656
 96.740414085562719 97.587154138906385 96.640951824780942
 94.354591538942813 95.072383731751515 94.626363681536475
 93.675711595561097 95.092558957734994 94.557739317229036



# name: <cell-element>
# type: matrix
# rows: 4
# columns: 3
 85.293496494098051 88.455861188765553 84.299022796469515
 86.519211142419707 84.825759196307104 86.71804204527038
 91.290726767301834 89.855154808663158 90.747264996760933
 92.648527014651137 89.81488363756317 90.884468021202807





# name: w
# type: matrix
# rows: 32
# columns: 1
 4.578346104731267
 4.5720312477822311
 4.5470599355901067
 4.5398389410806939
 4.5619710253052919
 4.580745867327475
 4.5546385354946146
 4.5548507220919321
 4.5834407628268021
 4.5710025833182684
 4.5499361230834809
 4.5492106459822921
 0.24083225204555822
 0.54133972308394707
 0.10855623145568405
 0.10927179341481071
 4.4460982088488983
 4.4603664834106027
 4.5140492136286809
 4.528813054220219
 4.4825036839701431
 4.4405992607782769
 4.4981989828544968
 4.4977507036408602
 4.4343702729651717
 4.4626619595451968
 4.5080783349140692
 4.5095891177300329
 0.36849601482736416
 0.33881990087900105
 0.16737450909637366
 0.12530957519726099


# name: payoffs_history
# type: cell
# rows: 1
# columns: 2
# name: <cell-element>
# type: matrix
# rows: 1
# columns: 56
 36864 209200.98034979129 109301.58248252969 112313.19698200421 110385.57381167989 110438.46939930803 110161.96144209831 110164.13610615625 110112.61261728346 110112.70672030946 110105.08667648281 110105.08903267766 110103.56316294897 110103.56325659939 110103.20358939286 110103.20359335451 110102.7917666352 110102.79177123652 110102.50644974769 110102.50645205277 110102.32654261746 110102.32654332739 110102.13859934587 110102.13860032693 110101.96184086836 110101.96184169152 110101.79418782787 110101.79418860291 110101.70681925445 110101.70681939551 110101.62106880214 110101.62106902309 110101.53631525423 110101.53631544545 110101.45306679785 110101.45306699569 110101.37065979211 110101.37065998312 110101.29140623749 110101.29140639692 110101.21211421702 110101.21211437936 110101.13452061787 110101.1345207679 110101.05815888074 110101.05815902897 110100.98359413899 110100.98359427818 110100.91132993405 110100.91133007298 110100.84208088141 110100.84208100966 110100.77613132451 110100.77613143148 110100.71357843463 110100.71357853404



# name: <cell-element>
# type: matrix
# rows: 1
# columns: 56
 37584 23193.973887222779 89965.50728632875 105587.50477976713 105851.04143282658 106731.33776042465 106741.9780713736 106882.27576530376 106882.72501174186 106909.65798725703 106909.6766948743 106913.65281046153 106913.65491414879 106914.49972145155 106914.50013201367 106914.73194074947 106914.73235477658 106914.93559356935 106914.9358764303 106915.07724087973 106915.07739455652 106915.1622562401 106915.16239963807 106915.26595355597 106915.26608372343 106915.35634025626 106915.3564567366 106915.43686020134 106915.43691944954 106915.4762081268 106915.47626327968 106915.53148768281 106915.53153987406 106915.56715189888 106915.5672005532 106915.61311935898 106915.61316494088 106915.65678413125 106915.65682523706 106915.70091772533 106915.70095665818 106915.73938668796 106915.73942304084 106915.7846218597 106915.78465583186 106915.81845773476 106915.81848913495 106915.85732182309 106915.85735073942 106915.89439528408 106915.89442124462 106915.93889692257 106915.93892039599 106915.96903069978 106915.96905183565 106916.00698392963





# name: total_iter
# type: scalar
55


# name: opti
# type: cell
# rows: 1
# columns: 2
# name: <cell-element>
# type: matrix
# rows: 33
# columns: 1
 0
 0.24083225204555822
 0.54133972308394707
 0.10855623145568405
 0.10927179341481071
 41.353248907298678
 40.740414085562719
 38.354591538942813
 37.675711595561097
 39.772063077702924
 41.587154138906385
 39.072383731751515
 39.092558957734994
 41.850496001411656
 40.640951824780942
 38.626363681536475
 38.557739317229036
 110.73120145681418
 105.59908669931124
 109.56662190910482
 107.54408129200738
 111.2459791290613
 108.72328199066362
 112.07483604535572
 113.08318724473388
 106.58003079159143
 104.85727156937456
 107.09399221660539
 106.18503171224332
 23.373217749292237
 19.899939464990041
 30.314040103835566
 17.532800645765079



# name: <cell-element>
# type: matrix
# rows: 33
# columns: 1
 2.2204460492503131e-16
 0.36849601482736416
 0.33881990087900105
 0.16737450909637366
 0.12530957519726099
 28.293496494098051
 29.519211142419707
 34.290726767301834
 35.648527014651137
 31.455861188765553
 27.825759196307104
 32.855154808663158
 32.81488363756317
 27.299022796469515
 29.71804204527038
 33.747264996760933
 33.884468021202807
 120.7804045631453
 123.36296776020633
 117.79323924946758
 117.07834185322301
 118.44097795308015
 118.3802977561694
 113.02094334731218
 113.79880799041611
 122.83087646691244
 116.59365192111832
 111.36703275085107
 110.24836608548092
 -2.5857870866730082e-07
 -1.1263039425557508e-06
 -2.9040655817880179e-06
 -1.2208305975036637e-06





