# Created by Octave 5.2.0, Sun Jun 21 16:07:58 2020 IST <nalin@nalinspc>
# name: N1
# type: global scalar
0


# name: N2
# type: global scalar
0


# name: N3
# type: global scalar
4


# name: M
# type: global scalar
3


# name: beta
# type: global matrix
# rows: 4
# columns: 3
 300 300 300
 300 300 300
 300 300 300
 300 300 300


# name: delta
# type: global matrix
# rows: 4
# columns: 3
 1 1 1
 1 1 1
 1 1 1
 1 1 1


# name: c
# type: global cell
# rows: 1
# columns: 2
# name: <cell-element>
# type: matrix
# rows: 4
# columns: 3
 20 20 20
 20 20 20
 20 20 20
 20 20 20



# name: <cell-element>
# type: matrix
# rows: 4
# columns: 3
 15 15 15
 15 15 15
 15 15 15
 15 15 15





# name: A_u
# type: global matrix
# rows: 0
# columns: 0


# name: A_v
# type: global matrix
# rows: 0
# columns: 0


# name: A_s
# type: global matrix
# rows: 0
# columns: 0


# name: b
# type: global matrix
# rows: 0
# columns: 0


# name: alpha
# type: global cell
# rows: 1
# columns: 2
# name: <cell-element>
# type: scalar
0.90000000000000002



# name: <cell-element>
# type: scalar
0.90000000000000002





# name: x_min
# type: global cell
# rows: 1
# columns: 2
# name: <cell-element>
# type: matrix
# rows: 4
# columns: 3
 56 56 56
 56 56 56
 56 56 56
 56 56 56



# name: <cell-element>
# type: matrix
# rows: 4
# columns: 3
 57 57 57
 57 57 57
 57 57 57
 57 57 57





# name: x_max
# type: global cell
# rows: 1
# columns: 2
# name: <cell-element>
# type: matrix
# rows: 4
# columns: 3
 201.28516659140587 202.36213013529778 208.86562466621399
 205.84531903266907 207.95330107212067 204.50399369001389
 202.70526319742203 208.61256062984467 202.5422590970993
 201.77138388156891 205.82600772380829 205.63067317008972



# name: <cell-element>
# type: matrix
# rows: 4
# columns: 3
 204.60101634263992 209.88169848918915 207.45560765266418
 205.24170696735382 203.10931235551834 207.03597545623779
 208.97940754890442 206.14260792732239 200.58307506144047
 205.03339111804962 204.40795868635178 202.614905834198





# name: x
# type: global cell
# rows: 1
# columns: 2
# name: <cell-element>
# type: matrix
# rows: 4
# columns: 3
 91.666521615443258 91.666516512278321 91.666509533057223
 91.666542028107699 91.666509936116498 91.66650646982923
 91.666501104727786 91.666513289670277 91.666498791822306
 91.666511595218935 91.666519675011685 91.666494377663611



# name: <cell-element>
# type: matrix
# rows: 4
# columns: 3
 96.666729973068925 96.666723058149088 96.666723596878214
 96.666714213673416 96.666737405725328 96.666737682790213
 96.666749959625079 96.666740913517316 96.666746919702931
 96.666734452089401 96.666732968607448 96.66674268509739





# name: w
# type: matrix
# rows: 32
# columns: 1
 4.518157226620227
 4.5181574493041667
 4.5181570028665883
 4.51815711730851
 4.5181571709492472
 4.51815709920918
 4.5181571357934649
 4.5181572054518488
 4.5181570948121621
 4.5181570613950717
 4.5181569776348462
 4.5181569294802983
 0.25000000000022615
 0.25000000000008515
 0.24999999999996511
 0.24999999999972358
 4.5712692892060121
 4.5712691261778762
 4.5712694959633327
 4.5712693355406753
 4.5712692176724028
 4.5712693660955077
 4.5712694023829838
 4.5712693201943209
 4.5712692232454595
 4.5712693689616941
 4.5712694645158889
 4.57126942070966
 0.25000000000001266
 0.25000000000001266
 0.25000000000001282
 0.24999999999996184


# name: payoffs_history
# type: cell
# rows: 1
# columns: 2
# name: <cell-element>
# type: matrix
# rows: 1
# columns: 21
 36864 215471.99999999974 113363.999486902 125460.75087595174 105982.12744258293 106738.17380525358 102246.54120826011 102293.79407441213 101194.51139885183 101197.46469117192 100923.94639219828 100924.13113103766 100856.05611156698 100856.06764028667 100838.5888984731 100838.5896463134 100835.16743585249 100835.16748971208 100833.21218682827 100833.21219151176 100833.25873218707



# name: <cell-element>
# type: matrix
# rows: 1
# columns: 21
 37584 20015.999686101793 68402.998025057052 97168.501391981496 100192.68951385224 108896.15652000171 109085.16841998827 111355.54189438754 111367.35518117258 111940.88419892325 111941.62260844743 112085.35112369136 112085.39704462391 112121.37754313463 112121.38042953308 112129.89545462982 112129.89558456515 112132.67072327278 112132.67074451703 112133.5126569241 112133.51265693907





# name: total_iter
# type: scalar
20


# name: opti
# type: cell
# rows: 1
# columns: 2
# name: <cell-element>
# type: matrix
# rows: 29
# columns: 1
 0
 0.25000000000022615
 0.25000000000008515
 0.24999999999996511
 0.24999999999972358
 35.666521615443258
 35.666542028107699
 35.666501104727786
 35.666511595218935
 35.666516512278321
 35.666509936116498
 35.666513289670277
 35.666519675011685
 35.666509533057223
 35.66650646982923
 35.666498791822306
 35.666494377663611
 109.61864497596261
 114.17877700456137
 111.03876209269424
 110.10487228634997
 110.69561362301945
 116.28679113600417
 116.94604734017439
 114.1594880487966
 117.19911513315677
 112.83748722018466
 110.875760305277
 113.96417879242611



# name: <cell-element>
# type: matrix
# rows: 29
# columns: 1
 0
 0.25000000000001266
 0.25000000000001266
 0.25000000000001282
 0.24999999999996184
 39.666729973068925
 39.666714213673416
 39.666749959625079
 39.666734452089401
 39.666723058149088
 39.666737405725328
 39.666740913517316
 39.666732968607448
 39.666723596878214
 39.666737682790213
 39.666746919702931
 39.66674268509739
 107.934286369571
 108.57499275368041
 112.31265758927934
 108.36665666596022
 113.21497543104006
 106.44257494979301
 109.47586701380507
 107.74122571774433
 110.78888405578597
 110.36923777344758
 103.91632814173754
 105.94816314910061





