# Created by Octave 5.2.0, Sun Jun 21 16:14:00 2020 IST <nalin@nalinspc>
# name: N1
# type: global scalar
0


# name: N2
# type: global scalar
0


# name: N3
# type: global scalar
4


# name: M
# type: global scalar
3


# name: beta
# type: global matrix
# rows: 4
# columns: 3
 300 300 300
 300 300 300
 300 300 300
 300 300 300


# name: delta
# type: global matrix
# rows: 4
# columns: 3
 1 1 1
 1 1 1
 1 1 1
 1 1 1


# name: c
# type: global cell
# rows: 1
# columns: 2
# name: <cell-element>
# type: matrix
# rows: 4
# columns: 3
 20 20 20
 20 20 20
 20 20 20
 20 20 20



# name: <cell-element>
# type: matrix
# rows: 4
# columns: 3
 15 15 15
 15 15 15
 15 15 15
 15 15 15





# name: A_u
# type: global cell
# rows: 1
# columns: 2
# name: <cell-element>
# type: matrix
# rows: 4
# columns: 3
 0.21542768478393556 0.27710397243499757 0.25910857915878299
 0.28909804224967961 0.24975214004516602 0.25026198625564577
 0.22240853011608125 0.20401186905801297 0.27033772468566897
 0.22676112055778505 0.29511709213256837 0.21686448156833649



# name: <cell-element>
# type: matrix
# rows: 4
# columns: 3
 0.20669921338558198 0.23234736025333405 0.26401672363281248
 0.20900700688362123 0.28901789784431459 0.21762383878231051
 0.23289437890052797 0.27951579689979555 0.2371515691280365
 0.25367639064788822 0.27753450274467473 0.29950430393218996





# name: A_v
# type: global cell
# rows: 1
# columns: 2
# name: <cell-element>
# type: cell
# rows: 1
# columns: 4
# name: <cell-element>
# type: matrix
# rows: 3
# columns: 3
 0.029112809862295738 0.014004722623646474 0.0063620224688768351
 0.014004722623646474 0.011745042241992664 0.0066051827163241972
 0.0063620224688768351 0.0066051827163241972 0.004162002103036742



# name: <cell-element>
# type: matrix
# rows: 3
# columns: 3
 0.034227173653236811 0.04161685456952393 0.026445786722768434
 0.04161685456952393 0.052757673678861403 0.034906669380037308
 0.026445786722768434 0.034906669380037308 0.026069389558757906



# name: <cell-element>
# type: matrix
# rows: 3
# columns: 3
 0.054429970659860376 0.046756885813593274 0.038240118468957647
 0.046756885813593274 0.043358447143114993 0.039634809272478297
 0.038240118468957647 0.039634809272478297 0.048031135609932531



# name: <cell-element>
# type: matrix
# rows: 3
# columns: 3
 0.020419802655371543 0.018014197326499257 0.0051051992812850798
 0.018014197326499257 0.034240804088490367 0.016763558681902681
 0.0051051992812850798 0.016763558681902681 0.017337535627702343






# name: <cell-element>
# type: cell
# rows: 1
# columns: 4
# name: <cell-element>
# type: matrix
# rows: 3
# columns: 3
 0.016066985421046349 0.01932121157049611 0.021374989030841327
 0.01932121157049611 0.0613625076348275 0.035943211890057156
 0.021374989030841327 0.035943211890057156 0.044498854921730287



# name: <cell-element>
# type: matrix
# rows: 3
# columns: 3
 0.071388332287613585 0.055689724440915814 0.027741496949411013
 0.055689724440915814 0.051552782165664154 0.021614145722531113
 0.027741496949411013 0.021614145722531113 0.011048095687002957



# name: <cell-element>
# type: matrix
# rows: 3
# columns: 3
 0.039923184750218055 0.035582047720923216 0.011131836561123862
 0.035582047720923216 0.043045283815157979 0.018121246449123198
 0.011131836561123862 0.018121246449123198 0.0090445758442189213



# name: <cell-element>
# type: matrix
# rows: 3
# columns: 3
 0.043186775271753526 0.0052690821497638528 0.039438630908882714
 0.0052690821497638528 0.029458155370154279 0.027009286693603429
 0.039438630908882714 0.027009286693603429 0.056848839965709358








# name: A_s
# type: global cell
# rows: 1
# columns: 2
# name: <cell-element>
# type: cell
# rows: 1
# columns: 4
# name: <cell-element>
# type: matrix
# rows: 3
# columns: 3
 0.085089319944381708 0.13044254779815673 0.069694757461547852
 0.0095922328531742092 0.049985092878341672 0.095679265260696408
 0.0084894821047782898 0.0094395570456981652 0.063252079486846927



# name: <cell-element>
# type: matrix
# rows: 3
# columns: 3
 0.13897069692611694 0.057508713006973265 0.10773609876632691
 0.16654683351516725 0.030395165085792542 0.15522873401641846
 0.073946154117584234 0.013459312915802001 0.1428992748260498



# name: <cell-element>
# type: matrix
# rows: 3
# columns: 3
 0.17733203172683715 0.034394282102584842 0.14764943122863769
 0.18309361934661866 0.051434606313705444 0.084791833162307734
 0.16081238985061647 0.14542375802993773 0.031975638866424558



# name: <cell-element>
# type: matrix
# rows: 3
# columns: 3
 0.1395197629928589 0.0043999627232551575 0.030572515726089478
 0.10056267976760865 0.10405430793762208 0.11532845497131347
 0.032088345289230345 0.12768379449844361 0.0021730961278080942






# name: <cell-element>
# type: cell
# rows: 1
# columns: 4
# name: <cell-element>
# type: matrix
# rows: 3
# columns: 3
 0.11033315658569336 0.021332480013370514 0.058638769388198855
 0.066269946098327634 0.19846112728118898 0.1326046109199524
 0.087886101007461553 0.024697445333003998 0.19017077684402467



# name: <cell-element>
# type: matrix
# rows: 3
# columns: 3
 0.19436694383621217 0.18207863569259644 0.021382091939449309
 0.16937013864517211 0.11329292058944702 0.10015614032745361
 0.064719325304031378 0.081625390052795413 0.014028553664684296



# name: <cell-element>
# type: matrix
# rows: 3
# columns: 3
 0.042049238085746767 0.0019067745655775071 0.1953238606452942
 0.099138802289962774 0.087320923805236816 0.15997449159622193
 0.054197716712951663 0.064103436470031736 0.044698241353034976



# name: <cell-element>
# type: matrix
# rows: 3
# columns: 3
 0.0036653041839599609 0.074715638160705561 0.19388376474380492
 0.1620405912399292 0.056529450416564944 0.0023288186639547348
 0.1465112328529358 0.050353318452835083 0.18123973608016969








# name: b
# type: global cell
# rows: 1
# columns: 2
# name: <cell-element>
# type: matrix
# rows: 4
# columns: 1
 171.14152908325195
 166.13481640815735
 163.6334502696991
 172.47668266296387



# name: <cell-element>
# type: matrix
# rows: 4
# columns: 1
 167.94244647026062
 180.70164442062378
 154.02382880449295
 172.99527168273926





# name: alpha
# type: global cell
# rows: 1
# columns: 2
# name: <cell-element>
# type: scalar
0.90000000000000002



# name: <cell-element>
# type: scalar
0.90000000000000002





# name: x_min
# type: global cell
# rows: 1
# columns: 2
# name: <cell-element>
# type: matrix
# rows: 4
# columns: 3
 56 56 56
 56 56 56
 56 56 56
 56 56 56



# name: <cell-element>
# type: matrix
# rows: 4
# columns: 3
 57 57 57
 57 57 57
 57 57 57
 57 57 57





# name: x_max
# type: global cell
# rows: 1
# columns: 2
# name: <cell-element>
# type: matrix
# rows: 4
# columns: 3
 201.612309217453 200.48138704150915 202.60469794273376
 207.93517112731934 206.74550771713257 204.86658096313477
 202.92634516954422 201.07340857386589 206.93827629089355
 208.03473114967346 202.6168692111969 208.37832689285278



# name: <cell-element>
# type: matrix
# rows: 4
# columns: 3
 202.14154109358788 208.42990577220917 204.66911554336548
 204.26724761724472 206.76326513290405 209.08610582351685
 206.27114534378052 202.82142400741577 204.49784249067307
 200.43220613151789 208.80900084972382 202.34543830156326





# name: x
# type: global cell
# rows: 1
# columns: 2
# name: <cell-element>
# type: matrix
# rows: 4
# columns: 3
 91.961044471627517 92.013907994935678 92.103453233988517
 92.037196306085278 92.03584649592726 91.860571643519421
 92.040585955718413 92.037405840905535 92.237970608284812
 92.099590399393591 92.008782918961515 92.212475039944678



# name: <cell-element>
# type: matrix
# rows: 4
# columns: 3
 96.077880834609019 95.972158854252783 95.793069912909914
 95.925639316036452 95.928298061098729 96.278862260088943
 95.91887412002059 95.925206939408056 95.524087072954913
 95.800800583869361 95.982428164679916 95.575028496159334





# name: w
# type: matrix
# rows: 32
# columns: 1
 4.5213650577211668
 4.5221928030135556
 4.5222296314628325
 4.5228704959049395
 4.5219397394814207
 4.5221781369860103
 4.5221950796428985
 4.5218840390028543
 4.5229124369556333
 4.5202719018645618
 4.5243718745076373
 4.5240954255306463
 0.034132184716445281
 0.42357959080669649
 0.47799518224785881
 0.064293042228999467
 4.565159121269212
 4.5635733008596882
 4.5635027729525044
 4.5622710417672554
 4.5640581374713758
 4.5636010172057668
 4.5635687934349169
 4.564165134762729
 4.5621903432465398
 4.5672487958538674
 4.5593784363436152
 4.559911577737382
 0.24037303475561736
 0.2035403531587863
 0.27480382248729218
 0.28128278959830433


# name: payoffs_history
# type: cell
# rows: 1
# columns: 2
# name: <cell-element>
# type: matrix
# rows: 1
# columns: 26
 36864 203973.36459826422 106394.25195012901 108352.43173483758 102549.92639367365 102672.31253626302 101695.92032337736 101701.15396363275 101690.30383436519 101690.48691116399 101688.21415621719 101688.22522010794 101687.70169722917 101687.70237441782 101687.58411181782 101687.58412906034 101687.56780720838 101687.56780813998 101687.55558118064 101687.55558179009 101687.54638935116 101687.54638961522 101687.53918076726 101687.53918090026 101687.53455373392 101687.5345538017



# name: <cell-element>
# type: matrix
# rows: 1
# columns: 26
 37584 24200.328260114067 97604.057486984908 107848.28997394515 108337.83481313143 111143.66498020838 111172.4934401229 111672.44977666988 111673.19465216537 111678.53087478741 111678.57587537671 111679.7520573376 111679.75477263225 111680.0324523802 111680.03259655912 111680.07394803199 111680.07397428151 111680.10629156033 111680.1063068387 111680.10514110811 111680.10514864876 111680.11170409544 111680.11170783248 111680.11053219916 111680.11053408285 111680.11589166858





# name: total_iter
# type: scalar
25


# name: opti
# type: cell
# rows: 1
# columns: 2
# name: <cell-element>
# type: matrix
# rows: 33
# columns: 1
 -2.2204460492503131e-16
 0.034132184716445281
 0.42357959080669649
 0.47799518224785881
 0.064293042228999467
 35.961044471627517
 36.037196306085278
 36.040585955718413
 36.099590399393591
 36.013907994935678
 36.03584649592726
 36.037405840905535
 36.008782918961515
 36.103453233988517
 35.860571643519421
 36.237970608284812
 36.212475039944678
 109.65126474582549
 115.89797482123406
 110.88575921382581
 115.93514075027987
 108.46747904657347
 114.70966122120531
 109.03600273296036
 110.60808629223538
 110.50124470874525
 113.00600931961534
 114.70030568260874
 116.16585185290811
 19.146712187785567
 11.909200585874146
 9.9449060956836206
 13.712482194786688



# name: <cell-element>
# type: matrix
# rows: 33
# columns: 1
 -2.2204460492503131e-16
 0.24037303475561736
 0.2035403531587863
 0.27480382248729218
 0.28128278959830433
 39.077880834609019
 38.925639316036452
 38.91887412002059
 38.800800583869361
 38.972158854252783
 38.928298061098729
 38.925206939408056
 38.982428164679916
 38.793069912909914
 39.278862260088943
 38.524087072954913
 38.575028496159334
 106.06366025897886
 108.34160830120827
 110.35227122375993
 104.63140554764853
 112.45774691795638
 110.83496707180532
 106.89621706800772
 112.8265726850439
 108.87604563045556
 112.8072435634279
 108.97375541771815
 106.77040980540393
 -5.3268753674728941e-07
 -1.7608034852401033e-07
 -5.1453754679187114e-07
 -1.1913017772258172e-07





