# Created by Octave 5.2.0, Sun Jun 21 16:12:40 2020 IST <nalin@nalinspc>
# name: N1
# type: global scalar
0


# name: N2
# type: global scalar
0


# name: N3
# type: global scalar
4


# name: M
# type: global scalar
3


# name: beta
# type: global matrix
# rows: 4
# columns: 3
 300 300 300
 300 300 300
 300 300 300
 300 300 300


# name: delta
# type: global matrix
# rows: 4
# columns: 3
 1 1 1
 1 1 1
 1 1 1
 1 1 1


# name: c
# type: global cell
# rows: 1
# columns: 2
# name: <cell-element>
# type: matrix
# rows: 4
# columns: 3
 20 20 20
 20 20 20
 20 20 20
 20 20 20



# name: <cell-element>
# type: matrix
# rows: 4
# columns: 3
 15 15 15
 15 15 15
 15 15 15
 15 15 15





# name: A_u
# type: global cell
# rows: 1
# columns: 2
# name: <cell-element>
# type: matrix
# rows: 4
# columns: 3
 0.27073054313659672 0.2968732595443726 0.28216945528984072
 0.2733184337615967 0.20155710000544788 0.24347410202026368
 0.21849790215492249 0.25119432806968689 0.25776587128639222
 0.29547535777091982 0.24399213492870331 0.24289737343788148



# name: <cell-element>
# type: matrix
# rows: 4
# columns: 3
 0.27694762349128721 0.24275120794773103 0.21525239795446396
 0.25732412934303284 0.24246200025081635 0.29935661554336546
 0.25359262824058532 0.2268893748521805 0.20732535272836686
 0.20710484310984612 0.20332953333854675 0.21094121336936952





# name: A_v
# type: global cell
# rows: 1
# columns: 2
# name: <cell-element>
# type: cell
# rows: 1
# columns: 4
# name: <cell-element>
# type: matrix
# rows: 3
# columns: 3
 0.06391206436693822 0.07240560158283614 0.041412636027701365
 0.07240560158283614 0.085176066129524483 0.046474506942139282
 0.041412636027701365 0.046474506942139282 0.033037089201897026



# name: <cell-element>
# type: matrix
# rows: 3
# columns: 3
 0.064001500368494099 0.050983407051614194 0.049494715749810396
 0.050983407051614194 0.043331649564088505 0.036694099443443096
 0.049494715749810396 0.036694099443443096 0.047073497402518462



# name: <cell-element>
# type: matrix
# rows: 3
# columns: 3
 0.039986239385850768 0.0052314149873464366 0.010670245722751793
 0.0052314149873464366 0.020504511806157505 0.018539639456248518
 0.010670245722751793 0.018539639456248518 0.018572283652249666



# name: <cell-element>
# type: matrix
# rows: 3
# columns: 3
 0.045932044675812106 0.036594414769709004 0.024758729119936478
 0.036594414769709004 0.067608976818072486 0.028741637441599327
 0.024758729119936478 0.028741637441599327 0.030834027127230039






# name: <cell-element>
# type: cell
# rows: 1
# columns: 4
# name: <cell-element>
# type: matrix
# rows: 3
# columns: 3
 0.016811037894167963 0.031617935175441939 0.010346212854120785
 0.031617935175441939 0.069278035705512053 0.021184648995732757
 0.010346212854120785 0.021184648995732757 0.0092502465316893559



# name: <cell-element>
# type: matrix
# rows: 3
# columns: 3
 0.055981734911606948 0.021681426525004519 0.029316601656230196
 0.021681426525004519 0.048193583996148169 0.015030358287658422
 0.029316601656230196 0.015030358287658422 0.01715329300182937



# name: <cell-element>
# type: matrix
# rows: 3
# columns: 3
 0.045518770189350799 0.031750836217789576 0.026985137893008861
 0.031750836217789576 0.034138615760107544 0.03340693221988067
 0.026985137893008861 0.03340693221988067 0.053362640527297209



# name: <cell-element>
# type: matrix
# rows: 3
# columns: 3
 0.062177028709329951 0.039657920558437997 0.044459782796311839
 0.039657920558437997 0.037375640665559935 0.030668353276428705
 0.044459782796311839 0.030668353276428705 0.032613649313696452








# name: A_s
# type: global cell
# rows: 1
# columns: 2
# name: <cell-element>
# type: cell
# rows: 1
# columns: 4
# name: <cell-element>
# type: matrix
# rows: 3
# columns: 3
 0.19807423353195192 0.12267957925796509 0.098124325275421143
 0.19164539575576783 0.15921366214752197 0.15198394060134887
 0.11624020338058472 0.13907753229141234 0.013518296182155609



# name: <cell-element>
# type: matrix
# rows: 3
# columns: 3
 0.17156516313552855 0.14772058725357057 0.11289607286453247
 0.10090532302856445 0.1325289249420166 0.1248432993888855
 0.18915529251098634 0.040177220106124879 0.098384773731231695



# name: <cell-element>
# type: matrix
# rows: 3
# columns: 3
 0.19286912679672241 0.052062535285949708 0.0087881587445735928
 0.018453820049762724 0.0081902027130126946 0.14176349639892577
 0.037830415368080142 0.043990081548690795 0.12331267595291137



# name: <cell-element>
# type: matrix
# rows: 3
# columns: 3
 0.025917258858680726 0.12344791889190673 0.17326555252075196
 0.18736805915832519 0.0041280176490545275 0.1802363634109497
 0.11659436225891114 0.12644872665405274 0.035362428426742552






# name: <cell-element>
# type: cell
# rows: 1
# columns: 4
# name: <cell-element>
# type: matrix
# rows: 3
# columns: 3
 0.087342441082000732 0.086371219158172613 0.041501185297966002
 0.12795102596282959 0.15503895282745361 0.1699102520942688
 0.014777512848377227 0.089540243148803711 0.031849905848503113



# name: <cell-element>
# type: matrix
# rows: 3
# columns: 3
 0.001415769848972559 0.1781946063041687 0.15564836263656617
 0.19995486736297607 0.064388626813888544 0.06376315355300903
 0.018076163530349732 0.067758637666702273 0.11061334609985352



# name: <cell-element>
# type: matrix
# rows: 3
# columns: 3
 0.070405000448226923 0.18863179683685302 0.070568770170211792
 0.15185989141464235 0.10213361978530884 0.025414815545082091
 0.18117564916610718 0.022485317289829256 0.1415359854698181



# name: <cell-element>
# type: matrix
# rows: 3
# columns: 3
 0.12568918466567994 0.16772102117538451 0.1350885510444641
 0.15762568712234498 0.031911581754684448 0.10729135274887085
 0.094950562715530401 0.10001273155212402 0.11659971475601197








# name: b
# type: global cell
# rows: 1
# columns: 2
# name: <cell-element>
# type: matrix
# rows: 4
# columns: 1
 183.33775520324707
 175.03245830535889
 186.43689632415771
 170.28909206390381



# name: <cell-element>
# type: matrix
# rows: 4
# columns: 1
 164.15075182914734
 169.04087066650391
 173.81095886230469
 150.88565453886986





# name: alpha
# type: global cell
# rows: 1
# columns: 2
# name: <cell-element>
# type: scalar
0.90000000000000002



# name: <cell-element>
# type: scalar
0.90000000000000002





# name: x_min
# type: global cell
# rows: 1
# columns: 2
# name: <cell-element>
# type: matrix
# rows: 4
# columns: 3
 56 56 56
 56 56 56
 56 56 56
 56 56 56



# name: <cell-element>
# type: matrix
# rows: 4
# columns: 3
 57 57 57
 57 57 57
 57 57 57
 57 57 57





# name: x_max
# type: global cell
# rows: 1
# columns: 2
# name: <cell-element>
# type: matrix
# rows: 4
# columns: 3
 200.63088126480579 206.1236172914505 201.3874788582325
 201.66561752557755 200.36888927221298 203.77881944179535
 202.26309955120087 203.69086682796478 203.75022381544113
 209.24468994140625 202.24428445100784 200.13536460697651



# name: <cell-element>
# type: matrix
# rows: 4
# columns: 3
 209.51996743679047 202.78528451919556 203.02859306335449
 207.19062566757202 205.80140471458435 202.93571472167969
 204.39593195915222 202.78497457504272 202.75353938341141
 204.23576295375824 205.60587406158447 203.15384119749069





# name: x
# type: global cell
# rows: 1
# columns: 2
# name: <cell-element>
# type: matrix
# rows: 4
# columns: 3
 88.423190031220599 89.287964451210499 89.97395655940386
 89.437300710857087 91.160097326527875 91.165457090719585
 94.091181564574384 93.661659744930802 93.299540551325506
 91.483954405555778 92.196425855956136 91.273092201683681



# name: <cell-element>
# type: matrix
# rows: 4
# columns: 3
 93.741429083618968 92.91297839804173 93.107808467941709
 93.811813063780704 92.353142279067981 91.910296409930396
 91.63763165511314 92.569384240634847 93.231763728970222
 90.274889282969326 90.523219727515155 90.46995391820154





# name: w
# type: matrix
# rows: 32
# columns: 1
 4.4821342659108403
 4.4935378290638122
 4.5442643287522859
 4.516163595215902
 4.4918667022170844
 4.5126172720220197
 4.5396889245564296
 4.5239213646913798
 4.4995202568920565
 4.5126760653624309
 4.5358151834180811
 4.513856025670929
 0.4275681227059332
 0.29568467747163002
 0.0027807094715629633
 0.27396649035087378
 4.5405402375631088
 4.5412907869288244
 4.517842013243401
 4.5028593407210007
 4.5316633389475252
 4.5256197318278151
 4.5279584632328076
 4.5056063893717759
 4.5337580526020842
 4.5208130623667806
 4.535088476170742
 4.5050177946775287
 0.23265913366137389
 0.20941890743351896
 0.14776950113019044
 0.4101524577749166


# name: payoffs_history
# type: cell
# rows: 1
# columns: 2
# name: <cell-element>
# type: matrix
# rows: 1
# columns: 58
 36864 197008.43331759993 106119.74734998599 107436.98132848088 105882.70452272415 105940.02737909988 105730.29451517653 105732.46920624608 105694.65692865831 105694.74248326629 105689.27836348154 105689.28004409256 105688.62391166412 105688.62411487276 105687.43866529323 105687.4390740862 105687.36588232782 105687.36598127447 105687.29210726873 105687.29214962636 105686.99464389375 105686.99472052912 105686.93517153943 105686.93521448896 105686.87671873439 105686.87675939407 105686.81889277429 105686.81892732871 105686.76154267647 105686.76157235479 105686.70536409406 105686.70538587292 105686.65097268375 105686.65099228128 105686.59834919393 105686.59836708265 105686.54824853411 105686.54826502301 105686.49987819127 105686.49989340667 105686.45381541942 105686.45382665964 105686.41029586188 105686.41030650394 105686.36878948503 105686.36879994551 105686.33024380023 105686.33025368355 105686.29408354071 105686.29409302144 105686.2618388329 105686.26184792232 105686.22965528601 105686.22966365963 105686.20144951355 105686.20145802241 105686.17230828971 105686.17231621333



# name: <cell-element>
# type: matrix
# rows: 1
# columns: 58
 37584 25335.197526025782 106342.5303577485 110583.28821901797 110864.28322745059 112021.17719859513 112032.31785834156 112257.07278492872 112257.50011736531 112299.72173086784 112299.73803722588 112303.28038728188 112303.28140464629 112303.80568825995 112303.80685298538 112304.88300453569 112304.88305809296 112305.15366529906 112305.15372084142 112305.31305679197 112305.31324352254 112305.58546017125 112305.58549417381 112305.74639799837 112305.7464308286 112305.91734064743 112305.91737207648 112306.08044466266 112306.08047475314 112306.23663328493 112306.23666170346 112306.35761714567 112306.3576437282 112306.47506967136 112306.47509422075 112306.58733574604 112306.58735804292 112306.69700278738 112306.6970229724 112306.80044913839 112306.80046728678 112306.88438826878 112306.88440453731 112306.96524880789 112306.96526330846 112307.04674303801 112307.04675590173 112307.12504245056 112307.12505371333 112307.20106822185 112307.20107800866 112307.27615083681 112307.27615949856 112307.34281295742 112307.34282043423 112307.4133235647 112307.41333024975 112307.48056296573





# name: total_iter
# type: scalar
57


# name: opti
# type: cell
# rows: 1
# columns: 2
# name: <cell-element>
# type: matrix
# rows: 33
# columns: 1
 0
 0.4275681227059332
 0.29568467747163002
 0.0027807094715629633
 0.27396649035087378
 32.423190031220599
 33.437300710857087
 38.091181564574384
 35.483954405555778
 33.287964451210499
 35.160097326527875
 37.661659744930802
 36.196425855956136
 33.97395655940386
 35.165457090719585
 37.299540551325506
 35.273092201683681
 112.20769123358519
 112.22831681472046
 108.17191798662648
 117.76073553585047
 116.83565284024
 109.20879194568511
 110.02920708303398
 110.04785859505171
 111.41352229882864
 112.61336235107576
 110.45068326411563
 108.86227240529283
 -1.4049405194782594e-07
 -1.2803567983610264e-07
 -2.0979599071324628e-06
 -1.8666605683392845e-07



# name: <cell-element>
# type: matrix
# rows: 33
# columns: 1
 1.1102230246251565e-16
 0.23265913366137389
 0.20941890743351896
 0.14776950113019044
 0.4101524577749166
 36.741429083618968
 36.811813063780704
 34.63763165511314
 33.274889282969326
 35.91297839804173
 35.353142279067981
 35.569384240634847
 33.523219727515155
 36.107808467941709
 34.910296409930396
 36.231763728970222
 33.46995391820154
 115.7785383531715
 113.37881260379132
 112.75830030403908
 113.96087367078891
 109.87230612115383
 113.44826243551637
 110.21559033440788
 115.08265433406932
 109.92078459541278
 111.02541831174929
 109.52177565444119
 112.68388727928915
 -3.5646739604544564e-07
 -2.7984620487586653e-07
 -4.2149611374497908e-06
 -4.8585783929411264e-07





