# Created by Octave 5.2.0, Sun Jun 21 16:16:20 2020 IST <nalin@nalinspc>
# name: N1
# type: global scalar
0


# name: N2
# type: global scalar
0


# name: N3
# type: global scalar
4


# name: M
# type: global scalar
3


# name: beta
# type: global matrix
# rows: 4
# columns: 3
 300 300 300
 300 300 300
 300 300 300
 300 300 300


# name: delta
# type: global matrix
# rows: 4
# columns: 3
 1 1 1
 1 1 1
 1 1 1
 1 1 1


# name: c
# type: global cell
# rows: 1
# columns: 2
# name: <cell-element>
# type: matrix
# rows: 4
# columns: 3
 20 20 20
 20 20 20
 20 20 20
 20 20 20



# name: <cell-element>
# type: matrix
# rows: 4
# columns: 3
 15 15 15
 15 15 15
 15 15 15
 15 15 15





# name: A_u
# type: global cell
# rows: 1
# columns: 2
# name: <cell-element>
# type: matrix
# rows: 4
# columns: 3
 0.26012481451034547 0.25733469128608705 0.23604770600795746
 0.20487765520811083 0.2979471862316132 0.25704986453056339
 0.22631915807724001 0.25682939887046813 0.28290957808494566
 0.2580468773841858 0.24624205827713014 0.29083157777786256



# name: <cell-element>
# type: matrix
# rows: 4
# columns: 3
 0.23645080626010895 0.22194351106882096 0.21278106570243838
 0.26068987846374514 0.23557379841804504 0.23589105904102325
 0.21219611614942552 0.23214221000671387 0.26697779297828672
 0.20024794829078019 0.25173948407173158 0.28806740045547485





# name: A_v
# type: global cell
# rows: 1
# columns: 2
# name: <cell-element>
# type: cell
# rows: 1
# columns: 4
# name: <cell-element>
# type: matrix
# rows: 3
# columns: 3
 0.050423506818519169 0.025817716653462417 0.03302898624235226
 0.025817716653462417 0.022121148785057519 0.018455613436675761
 0.03302898624235226 0.018455613436675761 0.029282400020533752



# name: <cell-element>
# type: matrix
# rows: 3
# columns: 3
 0.049825985559097744 0.043921384804176428 0.067351263707858489
 0.043921384804176428 0.051939704076094641 0.063847855767873413
 0.067351263707858489 0.063847855767873413 0.095193714635841073



# name: <cell-element>
# type: matrix
# rows: 3
# columns: 3
 0.033941466491495279 0.027892867371141196 0.026507988613114614
 0.027892867371141196 0.03156324162691039 0.020728232359410688
 0.026507988613114614 0.020728232359410688 0.028996333429661909



# name: <cell-element>
# type: matrix
# rows: 3
# columns: 3
 0.017829740109401943 0.0055015048390825603 0.033693593068934151
 0.0055015048390825603 0.0027473397565519922 0.011063764897318862
 0.033693593068934151 0.011063764897318862 0.06695611944989309






# name: <cell-element>
# type: cell
# rows: 1
# columns: 4
# name: <cell-element>
# type: matrix
# rows: 3
# columns: 3
 0.04794504357016538 0.014379312291735519 0.057700872995921908
 0.014379312291735519 0.010857159204738152 0.021585123056978652
 0.057700872995921908 0.021585123056978652 0.073522570217522801



# name: <cell-element>
# type: matrix
# rows: 3
# columns: 3
 0.077259350020878803 0.068055235522485727 0.048849393907554065
 0.068055235522485727 0.064214992455624439 0.046980893414936845
 0.048849393907554065 0.046980893414936845 0.035313393391735705



# name: <cell-element>
# type: matrix
# rows: 3
# columns: 3
 0.014836955554653647 0.013087990676040384 0.02110205134928771
 0.013087990676040384 0.016348761695421883 0.027548803404970953
 0.02110205134928771 0.027548803404970953 0.049224632914758072



# name: <cell-element>
# type: matrix
# rows: 3
# columns: 3
 0.042459008824987335 0.033464122118688412 0.01871386369698087
 0.033464122118688412 0.043772517008101239 0.037493610412168955
 0.01871386369698087 0.037493610412168955 0.041337912218259852








# name: A_s
# type: global cell
# rows: 1
# columns: 2
# name: <cell-element>
# type: cell
# rows: 1
# columns: 4
# name: <cell-element>
# type: matrix
# rows: 3
# columns: 3
 0.17210440635681151 0.13820551633834838 0.041265183687210084
 0.027539056539535523 0.14075649976730348 0.03937457203865051
 0.10073875188827515 0.079801589250564575 0.11298588514328003



# name: <cell-element>
# type: matrix
# rows: 3
# columns: 3
 0.10637621879577637 0.16729681491851806 0.10257612466812134
 0.032188358902931216 0.12826141119003295 0.18561418056488038
 0.15873700380325317 0.18674139976501464 0.18741378784179688



# name: <cell-element>
# type: matrix
# rows: 3
# columns: 3
 0.16179494857788085 0.016726024448871613 0.086510699987411496
 0.14773342609405518 0.094679009914398191 0.027820163965225221
 0.083794367313385007 0.046857419610023501 0.14063861370086669



# name: <cell-element>
# type: matrix
# rows: 3
# columns: 3
 0.053122282028198242 0.085351979732513433 0.087879478931427002
 0.013757304847240448 0.0039806291460990906 0.050420540571212771
 0.1475823163986206 0.12891886234283448 0.16898374557495116






# name: <cell-element>
# type: cell
# rows: 1
# columns: 4
# name: <cell-element>
# type: matrix
# rows: 3
# columns: 3
 0.13332387208938598 0.15629373788833617 0.075776356458663943
 0.0045888617634773253 0.041883319616317749 0.095298945903778076
 0.16099469661712645 0.15985465049743652 0.14849164485931396



# name: <cell-element>
# type: matrix
# rows: 3
# columns: 3
 0.18731812238693238 0.18596265316009522 0.087115800380706793
 0.13878542184829712 0.16219722032546996 0.13654911518096924
 0.11136250495910645 0.095492136478424069 0.11744376420974731



# name: <cell-element>
# type: matrix
# rows: 3
# columns: 3
 0.013693478703498841 0.015181745588779449 0.12007896900177002
 0.046417707204818727 0.072508227825164792 0.094534200429916379
 0.12721976041793823 0.10572155714035034 0.14786046743392944



# name: <cell-element>
# type: matrix
# rows: 3
# columns: 3
 0.081641435623168945 0.18171023130416869 0.052678996324539186
 0.16645550727844238 0.081147313117980957 0.09736629128456116
 0.19807189702987671 0.00069390060380101202 0.045879781246185303








# name: b
# type: global cell
# rows: 1
# columns: 2
# name: <cell-element>
# type: matrix
# rows: 4
# columns: 1
 158.94529938697815
 157.23717629909515
 180.83000421524048
 174.66427087783813



# name: <cell-element>
# type: matrix
# rows: 4
# columns: 1
 171.73413991928101
 152.36241787672043
 174.23670053482056
 155.10489106178284





# name: alpha
# type: global cell
# rows: 1
# columns: 2
# name: <cell-element>
# type: scalar
0.90000000000000002



# name: <cell-element>
# type: scalar
0.90000000000000002





# name: x_min
# type: global cell
# rows: 1
# columns: 2
# name: <cell-element>
# type: matrix
# rows: 4
# columns: 3
 56 56 56
 56 56 56
 56 56 56
 56 56 56



# name: <cell-element>
# type: matrix
# rows: 4
# columns: 3
 57 57 57
 57 57 57
 57 57 57
 57 57 57





# name: x_max
# type: global cell
# rows: 1
# columns: 2
# name: <cell-element>
# type: matrix
# rows: 4
# columns: 3
 202.59373694658279 204.83915716409683 203.82191717624664
 204.20472383499146 203.12212705612183 205.95434188842773
 203.58959048986435 208.45594882965088 200.12632977217436
 206.82477235794067 202.98945367336273 206.62128925323486



# name: <cell-element>
# type: matrix
# rows: 4
# columns: 3
 204.76311445236206 204.0745285153389 206.30963802337646
 201.34386911988258 207.7251261472702 205.2364981174469
 208.14635872840881 202.85787343978882 206.2421452999115
 206.62864804267883 202.01212838292122 201.53703555464745





# name: x
# type: global cell
# rows: 1
# columns: 2
# name: <cell-element>
# type: matrix
# rows: 4
# columns: 3
 87.813505763075 87.784780575671164 89.999247439650063
 89.90581289611066 82.163476074217371 81.544615622532405
 90.204500875583577 91.646513527251244 91.788647028772345
 93.238851824224042 92.036309167807616 89.855708270751592



# name: <cell-element>
# type: matrix
# rows: 4
# columns: 3
 89.672055945309268 89.28795112543483 89.534023134332074
 77.529868299820038 81.862105281516023 85.457250355515555
 94.244750136291998 93.472474536778734 92.057673549164292
 83.676035400140549 86.395544086339413 88.484437794529555





