# Created by Octave 5.2.0, Sun Jun 21 16:22:29 2020 IST <nalin@nalinspc>
# name: N1
# type: global scalar
0


# name: N2
# type: global scalar
0


# name: N3
# type: global scalar
4


# name: M
# type: global scalar
3


# name: beta
# type: global matrix
# rows: 4
# columns: 3
 300 300 300
 300 300 300
 300 300 300
 300 300 300


# name: delta
# type: global matrix
# rows: 4
# columns: 3
 1 1 1
 1 1 1
 1 1 1
 1 1 1


# name: c
# type: global cell
# rows: 1
# columns: 2
# name: <cell-element>
# type: matrix
# rows: 4
# columns: 3
 20 20 20
 20 20 20
 20 20 20
 20 20 20



# name: <cell-element>
# type: matrix
# rows: 4
# columns: 3
 15 15 15
 15 15 15
 15 15 15
 15 15 15





# name: A_u
# type: global cell
# rows: 1
# columns: 2
# name: <cell-element>
# type: matrix
# rows: 4
# columns: 3
 0.21422860771417618 0.26769998669624329 0.2662013113498688
 0.29652870297431944 0.28258934617042542 0.26779735088348389
 0.29084432125091553 0.21545716524124148 0.2194816917181015
 0.21591600626707078 0.22718991637229921 0.28294616937637329



# name: <cell-element>
# type: matrix
# rows: 4
# columns: 3
 0.25855748653411864 0.28047075271606448 0.26499125361442566
 0.22585441470146181 0.22595397233963013 0.27314749956130979
 0.28775721192359927 0.28213404417037968 0.20586930997669697
 0.23231956958770753 0.21923068463802339 0.26162564158439638





# name: A_v
# type: global cell
# rows: 1
# columns: 2
# name: <cell-element>
# type: cell
# rows: 1
# columns: 4
# name: <cell-element>
# type: matrix
# rows: 3
# columns: 3
 0.051714070472869231 0.04770498463245914 0.042646922744119707
 0.04770498463245914 0.047833962576989533 0.052244421703123788
 0.042646922744119707 0.052244421703123788 0.078701127680311525



# name: <cell-element>
# type: matrix
# rows: 3
# columns: 3
 0.033834414501511853 0.023138885327769101 0.011205549711584623
 0.023138885327769101 0.022318860494299507 0.013429976282054383
 0.011205549711584623 0.013429976282054383 0.039535583904928728



# name: <cell-element>
# type: matrix
# rows: 3
# columns: 3
 0.059982481211424951 0.042442580276657364 0.030100312643235903
 0.042442580276657364 0.047839072684874535 0.026310346362350714
 0.030100312643235903 0.026310346362350714 0.018188129594899179



# name: <cell-element>
# type: matrix
# rows: 3
# columns: 3
 0.015965490760528746 0.018858877968867864 0.021130145449452558
 0.018858877968867864 0.022449599498645015 0.024319438033181158
 0.021130145449452558 0.024319438033181158 0.033634997093114398






# name: <cell-element>
# type: cell
# rows: 1
# columns: 4
# name: <cell-element>
# type: matrix
# rows: 3
# columns: 3
 0.020520733836323267 0.013247102793231172 0.026332026288681795
 0.013247102793231172 0.011890894816984243 0.018191155821137464
 0.026332026288681795 0.018191155821137464 0.04547612441024089



# name: <cell-element>
# type: matrix
# rows: 3
# columns: 3
 0.038678655876915553 0.019309022441006362 0.039915427821729958
 0.019309022441006362 0.045144668418957402 0.040679172797939284
 0.039915427821729958 0.040679172797939284 0.057734152753839724



# name: <cell-element>
# type: matrix
# rows: 3
# columns: 3
 0.064541597462404343 0.061437360445474813 0.058097998526183831
 0.061437360445474813 0.060078188659231417 0.054253202860724062
 0.058097998526183831 0.054253202860724062 0.053500770485667606



# name: <cell-element>
# type: matrix
# rows: 3
# columns: 3
 0.070099735461608928 0.019874404979561857 0.027259423997209636
 0.019874404979561857 0.0096844332962537725 0.0082730650266764801
 0.027259423997209636 0.0082730650266764801 0.01348168564691229








# name: A_s
# type: global cell
# rows: 1
# columns: 2
# name: <cell-element>
# type: cell
# rows: 1
# columns: 4
# name: <cell-element>
# type: matrix
# rows: 3
# columns: 3
 0.093211627006530767 0.067163544893264773 0.19625167846679686
 0.12262153625488281 0.10114457607269287 0.1502254843711853
 0.19680012464523317 0.1912081241607666 0.058397704362869264



# name: <cell-element>
# type: matrix
# rows: 3
# columns: 3
 0.0047683000564575197 0.15779465436935425 0.09440616965293884
 0.0027874376624822616 0.066549646854400638 0.13372447490692138
 0.17632255554199219 0.011104714870452882 0.0912284255027771



# name: <cell-element>
# type: matrix
# rows: 3
# columns: 3
 0.18719455003738403 0.022084616124629974 0.15637439489364624
 0.1084131121635437 0.14648265838623048 0.12094833850860595
 0.061849153041839598 0.040794062614440921 0.11268831491470337



# name: <cell-element>
# type: matrix
# rows: 3
# columns: 3
 0.099659579992294314 0.046859362721443178 0.061948841810226439
 0.10964877605438232 0.062197273969650267 0.080982989072799688
 0.16378111839294435 0.080874389410018926 0.016433973610401154






# name: <cell-element>
# type: cell
# rows: 1
# columns: 4
# name: <cell-element>
# type: matrix
# rows: 3
# columns: 3
 0.036392506957054135 0.069982385635375982 0.11957752704620361
 0.073593795299530029 0.060635095834732054 0.052898329496383664
 0.11008330583572387 0.0071869030594825748 0.18249969482421874



# name: <cell-element>
# type: matrix
# rows: 3
# columns: 3
 0.042824175953865048 0.15877903699874879 0.1078608512878418
 0.19035962820053101 0.0062957018613815311 0.094171357154846189
 0.16854752302169801 0.15078116655349733 0.081184512376785284



# name: <cell-element>
# type: matrix
# rows: 3
# columns: 3
 0.15213017463684081 0.1528671145439148 0.13427454233169556
 0.11294262409210205 0.16572145223617554 0.14092037677764893
 0.1595046639442444 0.1382835865020752 0.094534027576446536



# name: <cell-element>
# type: matrix
# rows: 3
# columns: 3
 0.12177028656005859 0.18445169925689697 0.14577140808105468
 0.090112441778182978 0.036792278289794922 0.014508941769599914
 0.046376308798789977 0.10539979934692383 0.014893150329589844








# name: b
# type: global cell
# rows: 1
# columns: 2
# name: <cell-element>
# type: matrix
# rows: 4
# columns: 1
 169.63460803031921
 166.48257732391357
 154.72454935312271
 171.4612889289856



# name: <cell-element>
# type: matrix
# rows: 4
# columns: 1
 184.4043231010437
 167.49197840690613
 186.24040842056274
 170.11178493499756





# name: alpha
# type: global cell
# rows: 1
# columns: 2
# name: <cell-element>
# type: scalar
0.90000000000000002



# name: <cell-element>
# type: scalar
0.90000000000000002





# name: x_min
# type: global cell
# rows: 1
# columns: 2
# name: <cell-element>
# type: matrix
# rows: 4
# columns: 3
 56 56 56
 56 56 56
 56 56 56
 56 56 56



# name: <cell-element>
# type: matrix
# rows: 4
# columns: 3
 57 57 57
 57 57 57
 57 57 57
 57 57 57





# name: x_max
# type: global cell
# rows: 1
# columns: 2
# name: <cell-element>
# type: matrix
# rows: 4
# columns: 3
 206.64766430854797 208.40562582015991 209.08251464366913
 206.63151621818542 209.8851066827774 200.17663175240159
 204.63972926139832 207.6449728012085 203.50741297006607
 209.07567083835602 202.74604618549347 209.67264592647552



# name: <cell-element>
# type: matrix
# rows: 4
# columns: 3
 200.5806066468358 204.67851340770721 200.57379905134439
 206.71518564224243 205.08140563964844 202.47461870312691
 207.78211414813995 204.58225250244141 209.83729183673859
 204.77301567792892 200.41707947850227 205.2570641040802





# name: x
# type: global cell
# rows: 1
# columns: 2
# name: <cell-element>
# type: matrix
# rows: 4
# columns: 3
 89.193412653264772 89.084645292695015 89.272641916846368
 92.2180897411817 91.95943739958534 91.730855398509718
 90.406336328847672 91.643345732115918 90.303664172766716
 91.990938164652434 92.389731632139942 92.209510069599119



# name: <cell-element>
# type: matrix
# rows: 4
# columns: 3
 97.321797508538921 97.509216277291955 97.056040616165461
 93.623799100455997 94.079095146729514 94.232594101664162
 94.169373700629279 93.427816906091707 94.812517484756242
 95.132663729624227 94.640880030086038 95.003630148237278





