# Created by Octave 5.2.0, Sun Jun 21 16:18:34 2020 IST <nalin@nalinspc>
# name: N1
# type: global scalar
0


# name: N2
# type: global scalar
0


# name: N3
# type: global scalar
4


# name: M
# type: global scalar
3


# name: beta
# type: global matrix
# rows: 4
# columns: 3
 300 300 300
 300 300 300
 300 300 300
 300 300 300


# name: delta
# type: global matrix
# rows: 4
# columns: 3
 1 1 1
 1 1 1
 1 1 1
 1 1 1


# name: c
# type: global cell
# rows: 1
# columns: 2
# name: <cell-element>
# type: matrix
# rows: 4
# columns: 3
 20 20 20
 20 20 20
 20 20 20
 20 20 20



# name: <cell-element>
# type: matrix
# rows: 4
# columns: 3
 15 15 15
 15 15 15
 15 15 15
 15 15 15





# name: A_u
# type: global cell
# rows: 1
# columns: 2
# name: <cell-element>
# type: matrix
# rows: 4
# columns: 3
 0.25658956766128543 0.27748849391937258 0.25400711894035338
 0.24873073101043702 0.29674388766288762 0.26157512068748473
 0.2955929100513458 0.2920410811901093 0.2246241569519043
 0.24557071924209595 0.28032536506652833 0.24014298915863039



# name: <cell-element>
# type: matrix
# rows: 4
# columns: 3
 0.2562851965427399 0.21500761210918429 0.24529061913490297
 0.26181178689002993 0.29994439482688906 0.2147358760237694
 0.2650639474391937 0.20055982656776905 0.22019527256488802
 0.29796231389045713 0.20120946196839215 0.21377613395452499





# name: A_v
# type: global cell
# rows: 1
# columns: 2
# name: <cell-element>
# type: cell
# rows: 1
# columns: 4
# name: <cell-element>
# type: matrix
# rows: 3
# columns: 3
 0.015749479339997201 0.027094406088223839 0.027195283031854804
 0.027094406088223839 0.04799425094157888 0.045242486450143483
 0.027195283031854804 0.045242486450143483 0.048692873428918836



# name: <cell-element>
# type: matrix
# rows: 3
# columns: 3
 0.047207180547098243 0.01182706726343276 0.033014040564103841
 0.01182706726343276 0.0037413391883070056 0.0074056715198683653
 0.033014040564103841 0.0074056715198683653 0.024185553314042776



# name: <cell-element>
# type: matrix
# rows: 3
# columns: 3
 0.06013307073591178 0.03244510879640785 0.020229112201376683
 0.03244510879640785 0.042665012955032958 0.037054320280852676
 0.020229112201376683 0.037054320280852676 0.034038103727893697



# name: <cell-element>
# type: matrix
# rows: 3
# columns: 3
 0.041056379933539493 0.016053225709918413 0.034758207388759461
 0.016053225709918413 0.010941461758540357 0.022057801031329663
 0.034758207388759461 0.022057801031329663 0.046725822775316887






# name: <cell-element>
# type: cell
# rows: 1
# columns: 4
# name: <cell-element>
# type: matrix
# rows: 3
# columns: 3
 0.0092838264675692821 0.011290674238449813 0.014138342273341918
 0.011290674238449813 0.014401765607741791 0.016110545003816607
 0.014138342273341918 0.016110545003816607 0.034008511568869901



# name: <cell-element>
# type: matrix
# rows: 3
# columns: 3
 0.032431802934979465 0.039681415839928964 0.03392897834470137
 0.039681415839928964 0.056295915278082309 0.053015947478150027
 0.03392897834470137 0.053015947478150027 0.064202549287780741



# name: <cell-element>
# type: matrix
# rows: 3
# columns: 3
 0.047195380515618834 0.038483943899470456 0.028602761645372111
 0.038483943899470456 0.04112141571904844 0.018562406717298679
 0.028602761645372111 0.018562406717298679 0.023333668900626384



# name: <cell-element>
# type: matrix
# rows: 3
# columns: 3
 0.027254334083242106 0.019218518111738234 0.017250263023489636
 0.019218518111738234 0.020355132280521434 0.020187131612158592
 0.017250263023489636 0.020187131612158592 0.029153617455963267








# name: A_s
# type: global cell
# rows: 1
# columns: 2
# name: <cell-element>
# type: cell
# rows: 1
# columns: 4
# name: <cell-element>
# type: matrix
# rows: 3
# columns: 3
 0.096781128644943232 0.076714152097702021 0.022312134504318237
 0.17283693552017212 0.13460410833358766 0.0018381189554929733
 0.1622382879257202 0.12670960426330566 0.079475075006484985



# name: <cell-element>
# type: matrix
# rows: 3
# columns: 3
 0.084646558761596685 0.17382222414016724 0.099136143922805786
 0.0092827089130878455 0.060172253847122194 0.0058711472898721698
 0.081930923461914065 0.10226278305053711 0.083756792545318606



# name: <cell-element>
# type: matrix
# rows: 3
# columns: 3
 0.15143688917160034 0.071613848209381104 0.17908488512039183
 0.057493299245834351 0.19017528295516967 0.056505709886550903
 0.032449004054069516 0.18114652633666992 0.013080590963363647



# name: <cell-element>
# type: matrix
# rows: 3
# columns: 3
 0.062190622091293335 0.0059866756200790405 0.19275078773498536
 0.022553718090057372 0.070598161220550543 0.07381525039672851
 0.091244971752166754 0.12974224090576172 0.14685751199722291






# name: <cell-element>
# type: cell
# rows: 1
# columns: 4
# name: <cell-element>
# type: matrix
# rows: 3
# columns: 3
 0.081984341144561768 0.046267902851104735 0.020534737408161162
 0.096801459789276123 0.070831429958343503 0.003761850669980049
 0.076400429010391235 0.11662613153457642 0.12070555686950683



# name: <cell-element>
# type: matrix
# rows: 3
# columns: 3
 0.1159522533416748 0.12188534736633301 0.0642716109752655
 0.11839561462402344 0.12813342809677125 0.16081112623214722
 0.0091246180236339569 0.17140330076217652 0.18638722896575927



# name: <cell-element>
# type: matrix
# rows: 3
# columns: 3
 0.061456298828124999 0.1573650598526001 0.13658236265182494
 0.011270311474800111 0.19596642255783081 0.050907337665557863
 0.10923446416854858 0.066800314188003543 0.083301973342895505



# name: <cell-element>
# type: matrix
# rows: 3
# columns: 3
 0.06695885062217713 0.11970665454864501 0.091875803470611569
 0.10273211002349854 0.030892565846443176 0.094057935476303103
 0.1657790184020996 0.034254282712936401 0.022306470572948454








# name: b
# type: global cell
# rows: 1
# columns: 2
# name: <cell-element>
# type: matrix
# rows: 4
# columns: 1
 150.81448197364807
 177.97208309173584
 165.6277060508728
 162.78933167457581



# name: <cell-element>
# type: matrix
# rows: 4
# columns: 1
 187.59527206420898
 173.46960067749023
 187.71194458007812
 169.84463572502136





# name: alpha
# type: global cell
# rows: 1
# columns: 2
# name: <cell-element>
# type: scalar
0.90000000000000002



# name: <cell-element>
# type: scalar
0.90000000000000002





# name: x_min
# type: global cell
# rows: 1
# columns: 2
# name: <cell-element>
# type: matrix
# rows: 4
# columns: 3
 56 56 56
 56 56 56
 56 56 56
 56 56 56



# name: <cell-element>
# type: matrix
# rows: 4
# columns: 3
 57 57 57
 57 57 57
 57 57 57
 57 57 57





# name: x_max
# type: global cell
# rows: 1
# columns: 2
# name: <cell-element>
# type: matrix
# rows: 4
# columns: 3
 203.24802249670029 201.07767030596733 201.30006372928619
 208.38442623615265 200.70654004812241 206.67951643466949
 204.03175413608551 203.37764382362366 208.9183646440506
 209.35146629810333 206.5711772441864 202.11659789085388



# name: <cell-element>
# type: matrix
# rows: 4
# columns: 3
 209.84416365623474 201.17094278335571 200.7366532087326
 209.39494907855988 205.03303349018097 209.336758852005
 202.72983461618423 206.21550679206848 204.0716814994812
 207.42627620697021 200.81421308219433 200.99810034036636





# name: x
# type: global cell
# rows: 1
# columns: 2
# name: <cell-element>
# type: matrix
# rows: 4
# columns: 3
 90.613890835753637 90.725416203566525 91.106016545560536
 91.509135259696933 91.428449814728339 91.496596333414047
 91.025093341063751 90.875691931750708 91.080329440674674
 91.329888128106603 91.282185186227792 91.138929731497143



# name: <cell-element>
# type: matrix
# rows: 4
# columns: 3
 97.193077941679675 97.137319301854845 96.946998514028181
 96.745394558196338 96.785724530608178 96.751681900590171
 96.98745753442094 97.062167000934451 96.959843707901641
 96.835039427368415 96.858891122540896 96.930515822342542





# name: w
# type: matrix
# rows: 32
# columns: 1
 4.5066075217794817
 4.5164388062016956
 4.5111352195052312
 4.514478095783387
 4.5078375406175892
 4.5155566971461107
 4.5094925499292433
 4.5139556446431301
 4.5120238453953636
 4.5163017730476698
 4.5117418582363698
 4.5123850426407941
 0.449808060168853
 0.057044371181441289
 0.32930527301282353
 0.16384229563688196
 4.5766994943387411
 4.5720827293112345
 4.5745816663740735
 4.5730089063399202
 4.5761256403030792
 4.5724995095498393
 4.5753516701335109
 4.573255188659922
 4.5741644220967634
 4.5721477157442196
 4.5742969103962485
 4.573994390086793
 0.031523008027889148
 0.60830674938300722
 0.26236025014537862
 0.097809992443725055


# name: payoffs_history
# type: cell
# rows: 1
# columns: 2
# name: <cell-element>
# type: matrix
# rows: 1
# columns: 21
 36864 195619.90820386761 101780.46169980394 102489.31969213608 101045.80976578861 101089.39175216565 100675.10995521738 100677.79799046116 100572.71613639631 100572.8820208196 100546.72458289184 100546.73472388237 100540.27472789839 100540.27533209921 100539.07246219914 100539.07253089704 100538.57074085163 100538.57075989239 100538.42887989295 100538.42888769817 100538.36986743474



# name: <cell-element>
# type: matrix
# rows: 1
# columns: 21
 37584 25698.831756970314 109120.50608663799 111443.18668902869 111619.50794446992 112448.88922006925 112459.71385113508 112678.60224602971 112679.27014787403 112734.27133016707 112734.31269015207 112747.92612879552 112747.92864913226 112750.65024182551 112750.65036171973 112751.40460442432 112751.40461225291 112751.76963062842 112751.76963177389 112751.96144353604 112751.96144380717





# name: total_iter
# type: scalar
20


# name: opti
# type: cell
# rows: 1
# columns: 2
# name: <cell-element>
# type: matrix
# rows: 33
# columns: 1
 2.2204460492503131e-16
 0.449808060168853
 0.057044371181441289
 0.32930527301282353
 0.16384229563688196
 34.613890835753637
 35.509135259696933
 35.025093341063751
 35.329888128106603
 34.725416203566525
 35.428449814728339
 34.875691931750708
 35.282185186227792
 35.106016545560536
 35.496596333414047
 35.080329440674674
 35.138929731497143
 112.63413166094665
 116.87529097645572
 113.00666079502176
 118.02157816999673
 110.35225410240081
 109.27809023339407
 112.50195189187295
 115.28899205795861
 110.19404718372566
 115.18292010125545
 117.83803520337592
 110.97766815935674
 -5.0590989530974184e-07
 -1.0345053169658058e-06
 -5.1567016612352745e-07
 -5.5555118194661191e-07



# name: <cell-element>
# type: matrix
# rows: 33
# columns: 1
 0
 0.031523008027889148
 0.60830674938300722
 0.26236025014537862
 0.097809992443725055
 40.193077941679675
 39.745394558196338
 39.98745753442094
 39.835039427368415
 40.137319301854845
 39.785724530608178
 40.062167000934451
 39.858891122540896
 39.946998514028181
 39.751681900590171
 39.959843707901641
 39.930515822342542
 112.65108571455507
 112.64955452036354
 105.74237708176329
 110.5912367796018
 104.03362348150087
 108.24730895957279
 109.15333979113403
 103.95532195965343
 103.78965469470442
 112.58507695141483
 107.11183779157956
 104.06758451802382
 15.941509460455023
 5.2057269811623144
 26.041922684658729
 5.8596809214997734





