# Created by Octave 5.2.0, Sun Jun 21 16:14:49 2020 IST <nalin@nalinspc>
# name: N1
# type: global scalar
0


# name: N2
# type: global scalar
0


# name: N3
# type: global scalar
4


# name: M
# type: global scalar
3


# name: beta
# type: global matrix
# rows: 4
# columns: 3
 300 300 300
 300 300 300
 300 300 300
 300 300 300


# name: delta
# type: global matrix
# rows: 4
# columns: 3
 1 1 1
 1 1 1
 1 1 1
 1 1 1


# name: c
# type: global cell
# rows: 1
# columns: 2
# name: <cell-element>
# type: matrix
# rows: 4
# columns: 3
 20 20 20
 20 20 20
 20 20 20
 20 20 20



# name: <cell-element>
# type: matrix
# rows: 4
# columns: 3
 15 15 15
 15 15 15
 15 15 15
 15 15 15





# name: A_u
# type: global cell
# rows: 1
# columns: 2
# name: <cell-element>
# type: matrix
# rows: 4
# columns: 3
 0.26366005539894105 0.23718088269233706 0.21808829307556155
 0.26102458238601683 0.29915049076080324 0.25252461433410645
 0.25704540014266969 0.22161771208047867 0.24119501411914826
 0.27052304148674011 0.21215875521302224 0.24152018129825592



# name: <cell-element>
# type: matrix
# rows: 4
# columns: 3
 0.21661640852689745 0.22887941002845766 0.2802715003490448
 0.25956796407699584 0.27120320200920106 0.25704624652862551
 0.25932828783988954 0.26372460126876829 0.2137603133916855
 0.20253357999026778 0.20226949770003558 0.26235867738723756





# name: A_v
# type: global cell
# rows: 1
# columns: 2
# name: <cell-element>
# type: cell
# rows: 1
# columns: 4
# name: <cell-element>
# type: matrix
# rows: 3
# columns: 3
 0.045754457757380962 0.037869200350837177 0.017251541470877037
 0.037869200350837177 0.034261142371477364 0.019326652015237009
 0.017251541470877037 0.019326652015237009 0.024082981842713815



# name: <cell-element>
# type: matrix
# rows: 3
# columns: 3
 0.053497973897104027 0.056155954734309788 0.02565839132762399
 0.056155954734309788 0.068931909578711731 0.031001512449660602
 0.02565839132762399 0.031001512449660602 0.014629488454135569



# name: <cell-element>
# type: matrix
# rows: 3
# columns: 3
 0.093439628330770297 0.07739210781907814 0.054708376733531031
 0.07739210781907814 0.080770347573828477 0.041133710154412452
 0.054708376733531031 0.041133710154412452 0.035585148754686075



# name: <cell-element>
# type: matrix
# rows: 3
# columns: 3
 0.062564529818267975 0.027790567930107819 0.056246907520008015
 0.027790567930107819 0.019623622672578136 0.022779937708331199
 0.056246907520008015 0.022779937708331199 0.052946840950228773






# name: <cell-element>
# type: cell
# rows: 1
# columns: 4
# name: <cell-element>
# type: matrix
# rows: 3
# columns: 3
 0.05566455780072161 0.04608851132018927 0.031718638060768571
 0.04608851132018927 0.047703448065998882 0.038098034140017931
 0.031718638060768571 0.038098034140017931 0.033161699326700225



# name: <cell-element>
# type: matrix
# rows: 3
# columns: 3
 0.018039011076346759 0.031509028650564798 0.0071110493630725455
 0.031509028650564798 0.076463537707214466 0.011453787307654508
 0.0071110493630725455 0.011453787307654508 0.0029206643920338849



# name: <cell-element>
# type: matrix
# rows: 3
# columns: 3
 0.043589647143499236 0.038724679195861783 0.035938970034930941
 0.038724679195861783 0.047957257278452126 0.03511849928543237
 0.035938970034930941 0.03511849928543237 0.042160280855684226



# name: <cell-element>
# type: matrix
# rows: 3
# columns: 3
 0.011370985146106537 0.010008355093395593 0.011167285649995123
 0.010008355093395593 0.028312651544031158 0.029870228976011982
 0.011167285649995123 0.029870228976011982 0.033679362478474931








# name: A_s
# type: global cell
# rows: 1
# columns: 2
# name: <cell-element>
# type: cell
# rows: 1
# columns: 4
# name: <cell-element>
# type: matrix
# rows: 3
# columns: 3
 0.04742768406867981 0.19969686269760131 0.060218232870101931
 0.082241183519363409 0.1469088912010193 0.076911038160324102
 0.039239239692687986 0.032893577218055726 0.14649667739868164



# name: <cell-element>
# type: matrix
# rows: 3
# columns: 3
 0.12810586690902709 0.1607714056968689 0.10601611137390136
 0.055094021558761599 0.1963505744934082 0.16535722017288207
 0.035543113946914673 0.071220004558563227 0.091070777177810674



# name: <cell-element>
# type: matrix
# rows: 3
# columns: 3
 0.17215300798416139 0.16183818578720094 0.19393651485443114
 0.037973558902740477 0.1991827368736267 0.19913461208343505
 0.13513971567153932 0.11256831884384155 0.068196624517440796



# name: <cell-element>
# type: matrix
# rows: 3
# columns: 3
 0.044053933024406432 0.16471730470657348 0.18300817012786866
 0.0049608923494815823 0.13736308813095094 0.027025806903839111
 0.0039196752011775972 0.12809548377990723 0.19110997915267944






# name: <cell-element>
# type: cell
# rows: 1
# columns: 4
# name: <cell-element>
# type: matrix
# rows: 3
# columns: 3
 0.18466339111328126 0.066319561004638677 0.13101795911788941
 0.11237623691558837 0.012935189902782441 0.18683605194091796
 0.045588970184326172 0.0030831843614578247 0.1762777328491211



# name: <cell-element>
# type: matrix
# rows: 3
# columns: 3
 0.058684021234512329 0.050039970874786378 0.10995998382568359
 0.15917522907257081 0.1962610125541687 0.11228712797164916
 0.013600391149520875 0.019580978155136108 0.048500299453735352



# name: <cell-element>
# type: matrix
# rows: 3
# columns: 3
 0.16593064069747926 0.072998440265655523 0.10357556343078614
 0.081565099954605105 0.14905003309249878 0.1381610631942749
 0.14520505666732789 0.14464280605316163 0.012418978661298753



# name: <cell-element>
# type: matrix
# rows: 3
# columns: 3
 0.096324014663696292 0.043713846802711488 0.013482171297073364
 0.030178898572921754 0.13140206336975097 0.10067464113235473
 0.030364790558815004 0.16713351011276245 0.06945309042930603








# name: b
# type: global cell
# rows: 1
# columns: 2
# name: <cell-element>
# type: matrix
# rows: 4
# columns: 1
 167.07612037658691
 176.50227069854736
 156.03230178356171
 186.53921365737915



# name: <cell-element>
# type: matrix
# rows: 4
# columns: 1
 155.87301254272461
 171.25523567199707
 160.76145172119141
 180.36514282226562





# name: alpha
# type: global cell
# rows: 1
# columns: 2
# name: <cell-element>
# type: scalar
0.90000000000000002



# name: <cell-element>
# type: scalar
0.90000000000000002





# name: x_min
# type: global cell
# rows: 1
# columns: 2
# name: <cell-element>
# type: matrix
# rows: 4
# columns: 3
 56 56 56
 56 56 56
 56 56 56
 56 56 56



# name: <cell-element>
# type: matrix
# rows: 4
# columns: 3
 57 57 57
 57 57 57
 57 57 57
 57 57 57





# name: x_max
# type: global cell
# rows: 1
# columns: 2
# name: <cell-element>
# type: matrix
# rows: 4
# columns: 3
 201.93945184350014 208.60064327716827 206.34377062320709
 200.02502214163542 205.53771436214447 205.22916793823242
 203.14742684364319 203.53425532579422 201.33429452776909
 204.29807841777802 209.40773069858551 201.12598165869713



# name: <cell-element>
# type: matrix
# rows: 4
# columns: 3
 209.68206584453583 206.97811365127563 201.88262283802032
 203.2927879691124 200.41721895337105 201.13623648881912
 203.56288373470306 209.5002406835556 208.41260969638824
 205.83101987838745 203.2100436091423 202.07597076892853





# name: x
# type: global cell
# rows: 1
# columns: 2
# name: <cell-element>
# type: matrix
# rows: 4
# columns: 3
 92.602078656854999 88.820339854475208 93.251598796621593
 89.170437480481226 86.360830830627393 87.391107412002754
 85.15730055422992 83.316627771353907 81.558971091255472
 90.729660954428056 89.423317452662715 89.051011761641718



# name: <cell-element>
# type: matrix
# rows: 4
# columns: 3
 89.909646838066479 94.694794553518093 87.837431707252804
 93.203553217541327 94.053815926822693 94.361879386098963
 91.906554190906533 93.029866436642408 95.744414108071794
 96.736221196593618 97.030684822558882 97.418488185809366





# name: w
# type: matrix
# rows: 32
# columns: 1
 4.528311589098406
 4.4905495662744999
 4.4445001410051379
 4.5078843263116442
 4.4866156761848863
 4.4585342261495118
 4.4226481423542401
 4.4933814697895746
 4.5353012036490279
 4.4703935316269368
 4.4013263302668895
 4.4892093713964689
 0.10478546151974011
 0.22596446858452199
 0.61664335330854358
 0.052606716587193424
 4.4988052420395341
 4.5347858456165504
 4.520772345544442
 4.5719879051950123
 4.5506590309253694
 4.5438671283085732
 4.5329205860774309
 4.5750272668558436
 4.4754877390283632
 4.5471371715316655
 4.5616822880621104
 4.5790160097382682
 0.30335598820808996
 0.22755334833110549
 0.45367221121349216
 0.015418452247312331


# name: payoffs_history
# type: cell
# rows: 1
# columns: 2
# name: <cell-element>
# type: matrix
# rows: 1
# columns: 66
 36864 192714.77582997439 104760.37487821396 105743.18750390319 103946.99555330045 103990.08965209124 103661.06436330927 103663.15376321628 103595.32298680463 103595.43395033284 103584.60145929127 103584.6047536775 103582.93413664919 103582.93443525273 103582.68735187019 103582.68746316149 103582.20633972803 103582.20645767992 103581.84813400928 103581.84824848498 103581.74565471261 103581.74574498014 103581.64927943994 103581.64936125223 103581.5547279794 103581.55479845341 103581.47344729607 103581.47351144123 103581.37552198899 103581.37558037243 103581.28377522464 103581.28382843098 103581.18779460463 103581.18784312083 103581.10885859875 103581.10890294089 103581.02290449842 103581.02293574667 103580.94408817084 103580.9441162062 103580.87130636531 103580.87133153144 103580.80065699494 103580.80067967092 103580.72997434535 103580.72999501065 103580.6580446341 103580.65806285695 103580.59060315811 103580.59061934041 103580.51652277244 103580.51653726639 103580.44601688761 103580.44602788445 103580.37250687633 103580.37251663787 103580.29860357384 103580.29861213089 103580.22543958591 103580.22544717131 103580.15246125465 103580.15246856416 103580.07932060113 103580.07932710386 103580.00785148135 103580.00785443184



# name: <cell-element>
# type: matrix
# rows: 1
# columns: 66
 37584 26008.797657446878 111475.59046622382 114697.014966228 114899.74358594247 115788.91211895661 115798.27408302922 115984.00707805264 115984.48409026148 116023.02567986117 116023.05030471002 116027.50348785878 116027.5055298222 116028.10810023983 116028.10842501432 116028.37758043638 116028.37805871971 116028.65111795859 116028.6513877322 116028.92653980126 116028.92663424411 116029.14767177147 116029.1477628198 116029.3550822571 116029.35517215269 116029.52889683851 116029.52898592214 116029.70057238646 116029.70065333394 116029.86870820916 116029.86878396571 116030.02914663834 116030.02921805608 116030.18404142011 116030.18410639295 116030.33327879789 116030.33333704165 116030.43954473521 116030.43959933665 116030.54133562681 116030.54138704532 116030.63833390352 116030.63838181617 116030.73292277323 116030.73296827928 116030.82503218863 116030.82507232123 116030.91549256549 116030.91553277554 116031.00571253677 116031.00575158716 116031.09455099358 116031.09458957409 116031.16914375155 116031.16918174471 116031.24185388858 116031.2418910767 116031.3123346488 116031.31237102675 116031.38068718012 116031.38072276411 116031.45162327033 116031.45165798065 116031.52264608846 116031.52267998995 116031.55783856295





# name: total_iter
# type: scalar
65


# name: opti
# type: cell
# rows: 1
# columns: 2
# name: <cell-element>
# type: matrix
# rows: 33
# columns: 1
 8.8817841970012523e-16
 0.10478546151974011
 0.22596446858452199
 0.61664335330854358
 0.052606716587193424
 36.602078656854999
 33.170437480481226
 29.15730055422992
 34.729660954428056
 32.820339854475208
 30.360830830627393
 27.316627771353907
 33.423317452662715
 37.251598796621593
 31.391107412002754
 25.558971091255472
 33.051011761641718
 109.33737318664514
 110.85458466115419
 117.99012628941327
 113.56841746334996
 119.78030342269307
 119.17688353151708
 120.21762755444031
 119.98441324592279
 113.0921718265855
 117.83806052622967
 119.77532343651362
 112.07496989705541
 -1.4047358831703605e-07
 -3.8681055514189211e-07
 -5.9297462939866818e-08
 -8.4922966436806746e-07



# name: <cell-element>
# type: matrix
# rows: 33
# columns: 1
 1.1102230246251565e-16
 0.30335598820808996
 0.22755334833110549
 0.45367221121349216
 0.015418452247312331
 32.909646838066479
 36.203553217541327
 34.906554190906533
 39.736221196593618
 37.694794553518093
 37.053815926822693
 36.029866436642408
 40.030684822558882
 30.837431707252804
 37.361879386098963
 38.744414108071794
 40.418488185809366
 119.77241900646935
 110.08923475157107
 111.65632954379653
 109.09479868179383
 112.28331909775754
 106.36340302654835
 116.4703742469132
 106.17935878658342
 114.04519113076752
 106.77435710272016
 112.66819558831645
 104.65748258311916
 -4.5983581742348179e-07
 -7.5102244068148138e-07
 -3.9121202632941277e-07
 -6.1471643988397773e-06





