# Created by Octave 5.2.0, Sun Jun 21 16:08:24 2020 IST <nalin@nalinspc>
# name: N1
# type: global scalar
0


# name: N2
# type: global scalar
0


# name: N3
# type: global scalar
4


# name: M
# type: global scalar
3


# name: beta
# type: global matrix
# rows: 4
# columns: 3
 300 300 300
 300 300 300
 300 300 300
 300 300 300


# name: delta
# type: global matrix
# rows: 4
# columns: 3
 1 1 1
 1 1 1
 1 1 1
 1 1 1


# name: c
# type: global cell
# rows: 1
# columns: 2
# name: <cell-element>
# type: matrix
# rows: 4
# columns: 3
 20 20 20
 20 20 20
 20 20 20
 20 20 20



# name: <cell-element>
# type: matrix
# rows: 4
# columns: 3
 15 15 15
 15 15 15
 15 15 15
 15 15 15





# name: A_u
# type: global matrix
# rows: 0
# columns: 0


# name: A_v
# type: global matrix
# rows: 0
# columns: 0


# name: A_s
# type: global matrix
# rows: 0
# columns: 0


# name: b
# type: global matrix
# rows: 0
# columns: 0


# name: alpha
# type: global cell
# rows: 1
# columns: 2
# name: <cell-element>
# type: scalar
0.90000000000000002



# name: <cell-element>
# type: scalar
0.90000000000000002





# name: x_min
# type: global cell
# rows: 1
# columns: 2
# name: <cell-element>
# type: matrix
# rows: 4
# columns: 3
 56 56 56
 56 56 56
 56 56 56
 56 56 56



# name: <cell-element>
# type: matrix
# rows: 4
# columns: 3
 57 57 57
 57 57 57
 57 57 57
 57 57 57





# name: x_max
# type: global cell
# rows: 1
# columns: 2
# name: <cell-element>
# type: matrix
# rows: 4
# columns: 3
 202.26659446954727 206.71990036964417 200.08284449577332
 202.11487293243408 204.32992070913315 205.59175491333008
 203.36850881576538 205.99510252475739 205.7303112745285
 200.56142527610064 206.19859278202057 203.8736355304718



# name: <cell-element>
# type: matrix
# rows: 4
# columns: 3
 207.22258985042572 205.52632093429565 209.09613013267517
 202.3183286190033 204.07117277383804 203.18636775016785
 200.85462123155594 206.17905735969543 202.32737824320793
 201.22983448207378 207.6110851764679 201.80650308728218





# name: x
# type: global cell
# rows: 1
# columns: 2
# name: <cell-element>
# type: matrix
# rows: 4
# columns: 3
 91.666671081152003 91.666667615923089 91.666663986037946
 91.666664429990078 91.666659986048145 91.666660333709871
 91.666663643256697 91.666665841892126 91.666664205384919
 91.666659426660104 91.666668928961386 91.666665069523347



# name: <cell-element>
# type: matrix
# rows: 4
# columns: 3
 96.666662390450966 96.666654857166208 96.666653027541983
 96.666660003230263 96.666654214455164 96.666656116294874
 96.666654280734889 96.666658784292522 96.666654316005719
 96.666660221317017 96.666655705272404 96.666658882983185





# name: w
# type: matrix
# rows: 32
# columns: 1
 4.5181588571564824
 4.5181587845983531
 4.5181587760158068
 4.5181587300165686
 4.5181588193539861
 4.5181587361189841
 4.5181588000009212
 4.5181588336780401
 4.5181587797552387
 4.5181587399116578
 4.5181587821481148
 4.5181587915750798
 0.2499999999998192
 0.25000000000017319
 0.25000000000006645
 0.24999999999994127
 4.5712685900756949
 4.5712685653803069
 4.571268506182073
 4.5712685676363769
 4.5712685121451564
 4.5712685054964206
 4.5712685527706052
 4.5712685209186699
 4.5712684932180068
 4.5712685251706269
 4.5712685065469438
 4.5712685537915432
 0.2500000000000186
 0.24999999999999278
 0.24999999999997488
 0.25000000000001377


# name: payoffs_history
# type: cell
# rows: 1
# columns: 2
# name: <cell-element>
# type: matrix
# rows: 1
# columns: 23
 36864 215471.99999999907 113364.00228774718 125460.74929436779 105982.12856857023 106738.17550240389 102246.54500995124 102293.79781703827 101194.52997455528 101197.48363008752 100924.12206870333 100924.3066741731 100855.94519966218 100855.95662293534 100839.06421186455 100839.06488981329 100834.42221635749 100834.42226609605 100833.17163636454 100833.17163731586 100833.2969391826 100833.29693930027 100833.34407668954



# name: <cell-element>
# type: matrix
# rows: 1
# columns: 23
 37584 20016.000607084377 68403.003819572681 97168.498487377918 100192.68540414752 108896.15581583008 109085.16783427057 111355.49724627635 111367.31015050877 111940.84336849049 111941.58177692011 112085.57348478706 112085.61978569669 112121.59259031329 112121.59547384412 112130.3810206451 112130.38120638137 112133.09413026005 112133.09413904909 112133.46825551669 112133.46825560552 112133.33579362831 112133.33579363962





# name: total_iter
# type: scalar
22


# name: opti
# type: cell
# rows: 1
# columns: 2
# name: <cell-element>
# type: matrix
# rows: 29
# columns: 1
 0
 0.2499999999998192
 0.25000000000017319
 0.25000000000006645
 0.24999999999994127
 35.666671081152003
 35.666664429990078
 35.666663643256697
 35.666659426660104
 35.666667615923089
 35.666659986048145
 35.666665841892126
 35.666668928961386
 35.666663986037946
 35.666660333709871
 35.666664205384919
 35.666665069523347
 110.59992338839527
 110.448208502444
 111.70184517250868
 108.89476584944053
 115.05323275372108
 112.663260723085
 114.32843668286526
 114.53192385305918
 108.41618050973537
 113.92509457962021
 114.06364706914358
 112.20697046094845



# name: <cell-element>
# type: matrix
# rows: 29
# columns: 1
 0
 0.2500000000000186
 0.24999999999999278
 0.24999999999997488
 0.25000000000001377
 39.666662390450966
 39.666660003230263
 39.666654280734889
 39.666660221317017
 39.666654857166208
 39.666654214455164
 39.666658784292522
 39.666655705272404
 39.666653027541983
 39.666656116294874
 39.666654316005719
 39.666658882983185
 110.55592745997475
 105.65166861577303
 104.18796695082105
 104.56317426075677
 108.85966607712945
 107.40451855938288
 109.51239857540291
 110.94442947119549
 112.42947710513319
 106.51971163387297
 105.66072392720221
 105.139844204299





