# Created by Octave 5.2.0, Sun Jun 21 16:09:41 2020 IST <nalin@nalinspc>
# name: N1
# type: global scalar
0


# name: N2
# type: global scalar
0


# name: N3
# type: global scalar
4


# name: M
# type: global scalar
3


# name: beta
# type: global matrix
# rows: 4
# columns: 3
 300 300 300
 300 300 300
 300 300 300
 300 300 300


# name: delta
# type: global matrix
# rows: 4
# columns: 3
 1 1 1
 1 1 1
 1 1 1
 1 1 1


# name: c
# type: global cell
# rows: 1
# columns: 2
# name: <cell-element>
# type: matrix
# rows: 4
# columns: 3
 20 20 20
 20 20 20
 20 20 20
 20 20 20



# name: <cell-element>
# type: matrix
# rows: 4
# columns: 3
 15 15 15
 15 15 15
 15 15 15
 15 15 15





# name: A_u
# type: global matrix
# rows: 0
# columns: 0


# name: A_v
# type: global matrix
# rows: 0
# columns: 0


# name: A_s
# type: global matrix
# rows: 0
# columns: 0


# name: b
# type: global matrix
# rows: 0
# columns: 0


# name: alpha
# type: global cell
# rows: 1
# columns: 2
# name: <cell-element>
# type: scalar
0.90000000000000002



# name: <cell-element>
# type: scalar
0.90000000000000002





# name: x_min
# type: global cell
# rows: 1
# columns: 2
# name: <cell-element>
# type: matrix
# rows: 4
# columns: 3
 56 56 56
 56 56 56
 56 56 56
 56 56 56



# name: <cell-element>
# type: matrix
# rows: 4
# columns: 3
 57 57 57
 57 57 57
 57 57 57
 57 57 57





# name: x_max
# type: global cell
# rows: 1
# columns: 2
# name: <cell-element>
# type: matrix
# rows: 4
# columns: 3
 208.41159284114838 205.13729870319366 208.16959917545319
 204.42935168743134 205.10264277458191 201.86081051826477
 204.14229512214661 209.60806727409363 206.1163729429245
 207.48314023017883 204.96660828590393 203.49042475223541



# name: <cell-element>
# type: matrix
# rows: 4
# columns: 3
 203.61442595720291 205.44504642486572 204.34340745210648
 208.90771925449371 206.86001002788544 205.36182463169098
 206.37570381164551 209.55491483211517 206.0290652513504
 205.12568354606628 208.01473319530487 200.86336649954319





# name: x
# type: global cell
# rows: 1
# columns: 2
# name: <cell-element>
# type: matrix
# rows: 4
# columns: 3
 91.666664413543074 91.666667478713237 91.666666090975937
 91.666675326713587 91.666662394586979 91.666669708869605
 91.666668165436349 91.666667741540053 91.666665153281642
 91.666666176871658 91.666668044321213 91.666666642907757



# name: <cell-element>
# type: matrix
# rows: 4
# columns: 3
 96.666652617454091 96.666649490312309 96.66665728563062
 96.6666499294098 96.666658804049817 96.666652326654344
 96.666644896194867 96.666645467030733 96.666647638322459
 96.666651926077378 96.666650434424454 96.666648777859209





# name: w
# type: matrix
# rows: 32
# columns: 1
 4.5181587844189313
 4.5181589034716962
 4.5181588253486762
 4.5181588036552434
 4.5181588178571515
 4.5181587623939548
 4.518158820724353
 4.5181588240274202
 4.5181588027181991
 4.5181588421861294
 4.5181587924888067
 4.5181588087392734
 0.24999999999981851
 0.25000000000013994
 0.2499999999999524
 0.25000000000008926
 4.5712684889757176
 4.5712684611683585
 4.5712684091006075
 4.5712684818235436
 4.5712684566259698
 4.571268552974991
 4.5712684150058074
 4.5712684663926488
 4.5712685372672048
 4.571268485967444
 4.5712684374674506
 4.571268449255764
 0.24999999999990649
 0.24999999999996692
 0.25000000000003764
 0.25000000000008893


# name: payoffs_history
# type: cell
# rows: 1
# columns: 2
# name: <cell-element>
# type: matrix
# rows: 1
# columns: 23
 36864 215471.99999999983 113364.00508004165 125460.75279560566 105982.12269458867 106738.16941523485 102246.53574856406 102293.78871023883 101194.51075916711 101197.46404673407 100924.12027828825 100924.30485457697 100856.06243291423 100856.0740357656 100838.88058671502 100838.88131492316 100834.69683992911 100834.69688255711 100833.17178257881 100833.17178443904 100833.2857494507 100833.285749603 100833.35078726991



# name: <cell-element>
# type: matrix
# rows: 1
# columns: 23
 37584 20016.000267659114 68403.001684021787 97168.500850577315 100192.68958002212 108896.15734459172 109085.16889487446 111355.54275105438 111367.35593026415 111940.85583031134 111941.59416450029 112085.23293165835 112085.27901106405 112121.36878099204 112121.37166988898 112130.40601641541 112130.40618822086 112132.95789726786 112132.95791013993 112133.49133963029 112133.49133969765 112133.33262399348 112133.33262401339





# name: total_iter
# type: scalar
22


# name: opti
# type: cell
# rows: 1
# columns: 2
# name: <cell-element>
# type: matrix
# rows: 29
# columns: 1
 0
 0.24999999999981851
 0.25000000000013994
 0.2499999999999524
 0.25000000000008926
 35.666664413543074
 35.666675326713587
 35.666668165436349
 35.666666176871658
 35.666667478713237
 35.666662394586979
 35.666667741540053
 35.666668044321213
 35.666666090975937
 35.666669708869605
 35.666665153281642
 35.666666642907757
 116.7449284276053
 112.76267636071775
 112.47562695671026
 115.81647405330718
 113.47063122448043
 113.43598037999493
 117.94139953255358
 113.29994024158272
 116.50293308447725
 110.19414080939517
 114.44970778964286
 111.82375810932766



# name: <cell-element>
# type: matrix
# rows: 29
# columns: 1
 0
 0.24999999999990649
 0.24999999999996692
 0.25000000000003764
 0.25000000000008893
 39.666652617454091
 39.6666499294098
 39.666644896194867
 39.666651926077378
 39.666649490312309
 39.666658804049817
 39.666645467030733
 39.666650434424454
 39.66665728563062
 39.666652326654344
 39.666647638322459
 39.666648777859209
 106.94777333974882
 112.24106932508391
 109.70905891545064
 108.45903161998891
 108.77839693455341
 110.19335122383562
 112.88826936508444
 111.34808276088042
 107.67675016647586
 108.69517230503664
 109.36241761302794
 104.19671772168398





