# Created by Octave 5.2.0, Sun Jun 21 16:08:46 2020 IST <nalin@nalinspc>
# name: N1
# type: global scalar
0


# name: N2
# type: global scalar
0


# name: N3
# type: global scalar
4


# name: M
# type: global scalar
3


# name: beta
# type: global matrix
# rows: 4
# columns: 3
 300 300 300
 300 300 300
 300 300 300
 300 300 300


# name: delta
# type: global matrix
# rows: 4
# columns: 3
 1 1 1
 1 1 1
 1 1 1
 1 1 1


# name: c
# type: global cell
# rows: 1
# columns: 2
# name: <cell-element>
# type: matrix
# rows: 4
# columns: 3
 20 20 20
 20 20 20
 20 20 20
 20 20 20



# name: <cell-element>
# type: matrix
# rows: 4
# columns: 3
 15 15 15
 15 15 15
 15 15 15
 15 15 15





# name: A_u
# type: global matrix
# rows: 0
# columns: 0


# name: A_v
# type: global matrix
# rows: 0
# columns: 0


# name: A_s
# type: global matrix
# rows: 0
# columns: 0


# name: b
# type: global matrix
# rows: 0
# columns: 0


# name: alpha
# type: global cell
# rows: 1
# columns: 2
# name: <cell-element>
# type: scalar
0.90000000000000002



# name: <cell-element>
# type: scalar
0.90000000000000002





# name: x_min
# type: global cell
# rows: 1
# columns: 2
# name: <cell-element>
# type: matrix
# rows: 4
# columns: 3
 56 56 56
 56 56 56
 56 56 56
 56 56 56



# name: <cell-element>
# type: matrix
# rows: 4
# columns: 3
 57 57 57
 57 57 57
 57 57 57
 57 57 57





# name: x_max
# type: global cell
# rows: 1
# columns: 2
# name: <cell-element>
# type: matrix
# rows: 4
# columns: 3
 207.75730788707733 208.89878511428833 200.69145411252975
 200.24964988231659 207.51822948455811 201.13563627004623
 203.70013147592545 204.68637317419052 207.32433795928955
 204.95644629001617 201.38488471508026 207.99511611461639



# name: <cell-element>
# type: matrix
# rows: 4
# columns: 3
 208.53337705135345 208.34863185882568 209.91639137268066
 200.85663944482803 209.55210268497467 201.2615630030632
 201.79222792387009 206.19728207588196 208.1995290517807
 204.3280553817749 209.21264886856079 201.40230178833008





# name: x
# type: global cell
# rows: 1
# columns: 2
# name: <cell-element>
# type: matrix
# rows: 4
# columns: 3
 91.666666903456289 91.666664618612387 91.666665182955867
 91.666661653753053 91.666665203804001 91.666664104866655
 91.6666630861031 91.666666970486787 91.666663127199229
 91.666664856778681 91.666661178961874 91.666670492357369



# name: <cell-element>
# type: matrix
# rows: 4
# columns: 3
 96.666663138847866 96.666662306181223 96.666653548955892
 96.666664098945986 96.66666196931989 96.666652951902961
 96.66666116584112 96.666659411920449 96.666661058393018
 96.666661406712407 96.666658349580146 96.66665142744921





# name: w
# type: matrix
# rows: 32
# columns: 1
 4.5181588115816211
 4.5181587543121298
 4.5181587699377674
 4.5181587892542288
 4.5181587866560511
 4.5181587930399596
 4.5181588123128629
 4.5181587491325894
 4.5181587928125255
 4.518158781051552
 4.5181587703860888
 4.5181588507332684
 0.24999999999985942
 0.24999999999989292
 0.25000000000014017
 0.25000000000010753
 4.5712685978177321
 4.5712686077497819
 4.5712685774073165
 4.5712685798990886
 4.5712685892039389
 4.5712685857191664
 4.5712685592633084
 4.5712685482735802
 4.5712684986119445
 4.571268492435534
 4.5712685762957843
 4.5712684766653204
 0.25000000000000949
 0.2500000000000101
 0.24999999999991776
 0.25000000000006267


# name: payoffs_history
# type: cell
# rows: 1
# columns: 2
# name: <cell-element>
# type: matrix
# rows: 1
# columns: 23
 36864 215471.99999999977 113364.00234786562 125460.75037465265 105982.12832834807 106738.17502681664 102246.53889617921 102293.79183298709 101194.51180909175 101197.4651294091 100924.11933389449 100924.3039155242 100855.79823073786 100855.80976722305 100839.2753194668 100839.27606043938 100834.52406842193 100834.52411386848 100833.15414940003 100833.15415058949 100833.29198263459 100833.29198278414 100833.34150687853



# name: <cell-element>
# type: matrix
# rows: 1
# columns: 23
 37584 20016.000350906146 68403.002207784477 97168.499461669882 100192.68698927363 108896.15589957777 109085.16787989107 111355.53903188254 111367.35224020379 111940.8542699078 111941.59260579388 112085.47159966352 112085.51783028725 112121.08164609164 112121.08440162463 112130.42171004569 112130.4219161095 112133.06521434593 112133.0652247477 112133.48588211548 112133.48588222032 112133.33551998121 112133.33551999662





# name: total_iter
# type: scalar
22


# name: opti
# type: cell
# rows: 1
# columns: 2
# name: <cell-element>
# type: matrix
# rows: 29
# columns: 1
 0
 0.24999999999985942
 0.24999999999989292
 0.25000000000014017
 0.25000000000010753
 35.666666903456289
 35.666661653753053
 35.6666630861031
 35.666664856778681
 35.666664618612387
 35.666665203804001
 35.666666970486787
 35.666661178961874
 35.666665182955867
 35.666664104866655
 35.666663127199229
 35.666670492357369
 116.09064098362104
 108.58298822856354
 112.03346838982235
 113.28978143323749
 117.23212049567594
 115.8515642807541
 113.01970620370373
 109.71822353611839
 109.02478892957389
 109.46897216517958
 115.65767483209032
 116.32844562225903



# name: <cell-element>
# type: matrix
# rows: 29
# columns: 1
 0
 0.25000000000000949
 0.2500000000000101
 0.24999999999991776
 0.25000000000006267
 39.666663138847866
 39.666664098945986
 39.66666116584112
 39.666661406712407
 39.666662306181223
 39.66666196931989
 39.666659411920449
 39.666658349580146
 39.666653548955892
 39.666652951902961
 39.666661058393018
 39.66665142744921
 111.86671391250559
 104.18997534588205
 105.12556675802897
 107.6613939750625
 111.68196955264446
 112.88544071565478
 109.53062266396151
 112.54599051898064
 113.24973782372477
 104.59491005116024
 111.53286799338768
 104.73565036088087





