# Created by Octave 5.2.0, Sun Jun 21 16:20:47 2020 IST <nalin@nalinspc>
# name: N1
# type: global scalar
0


# name: N2
# type: global scalar
0


# name: N3
# type: global scalar
4


# name: M
# type: global scalar
3


# name: beta
# type: global matrix
# rows: 4
# columns: 3
 300 300 300
 300 300 300
 300 300 300
 300 300 300


# name: delta
# type: global matrix
# rows: 4
# columns: 3
 1 1 1
 1 1 1
 1 1 1
 1 1 1


# name: c
# type: global cell
# rows: 1
# columns: 2
# name: <cell-element>
# type: matrix
# rows: 4
# columns: 3
 20 20 20
 20 20 20
 20 20 20
 20 20 20



# name: <cell-element>
# type: matrix
# rows: 4
# columns: 3
 15 15 15
 15 15 15
 15 15 15
 15 15 15





# name: A_u
# type: global cell
# rows: 1
# columns: 2
# name: <cell-element>
# type: matrix
# rows: 4
# columns: 3
 0.25305432677268985 0.29764230251312257 0.27196653485298161
 0.29258379936218259 0.29554058313369752 0.26610037684440613
 0.26486665606498716 0.2272527813911438 0.266338723897934
 0.23309456408023835 0.214408677816391 0.28945438861846928



# name: <cell-element>
# type: matrix
# rows: 4
# columns: 3
 0.27611958980560303 0.20807171389460566 0.27780017256736755
 0.26293370127677917 0.26431499719619755 0.293580687046051
 0.2179317742586136 0.26897743940353391 0.2734127521514893
 0.29567667841911316 0.25067944526672364 0.2394848704338074





# name: A_v
# type: global cell
# rows: 1
# columns: 2
# name: <cell-element>
# type: cell
# rows: 1
# columns: 4
# name: <cell-element>
# type: matrix
# rows: 3
# columns: 3
 0.0007034571470084216 0.0050422198512628576 0.0033067076230713969
 0.0050422198512628576 0.057450716911806268 0.032657746013667936
 0.0033067076230713969 0.032657746013667936 0.032819272117305003



# name: <cell-element>
# type: matrix
# rows: 3
# columns: 3
 0.045641566451455728 0.04886835900680836 0.020764636019925568
 0.04886835900680836 0.072314989778408154 0.0090768649666777904
 0.020764636019925568 0.0090768649666777904 0.032778478467005871



# name: <cell-element>
# type: matrix
# rows: 3
# columns: 3
 0.041040927074113283 0.040538200391368656 0.046281157645555342
 0.040538200391368656 0.042570789244229031 0.047465485332104082
 0.046281157645555342 0.047465485332104082 0.053438028345456308



# name: <cell-element>
# type: matrix
# rows: 3
# columns: 3
 0.030640880236922855 0.029098255724666199 0.031196407285831004
 0.029098255724666199 0.029260755879633147 0.031135135737746254
 0.031196407285831004 0.031135135737746254 0.033823818207381041






# name: <cell-element>
# type: cell
# rows: 1
# columns: 4
# name: <cell-element>
# type: matrix
# rows: 3
# columns: 3
 0.046822825740208913 0.037936452978544324 0.031236659442798853
 0.037936452978544324 0.058276665603369082 0.054005505525721552
 0.031236659442798853 0.054005505525721552 0.050810841013237316



# name: <cell-element>
# type: matrix
# rows: 3
# columns: 3
 0.0070459454428546762 0.017474806984089552 0.0097930582513316364
 0.017474806984089552 0.052706289705629177 0.025166602834857665
 0.0097930582513316364 0.025166602834857665 0.016724921073981172



# name: <cell-element>
# type: matrix
# rows: 3
# columns: 3
 0.045273949300788735 0.032239050748403858 0.0156108268818409
 0.032239050748403858 0.045334521531593612 0.019536975422201779
 0.0156108268818409 0.019536975422201779 0.0094549694049607703



# name: <cell-element>
# type: matrix
# rows: 3
# columns: 3
 0.02324248188685335 0.024357368993723264 0.036939743170885282
 0.024357368993723264 0.042387181618705624 0.035491964639244637
 0.036939743170885282 0.035491964639244637 0.061912238992920157








# name: A_s
# type: global cell
# rows: 1
# columns: 2
# name: <cell-element>
# type: cell
# rows: 1
# columns: 4
# name: <cell-element>
# type: matrix
# rows: 3
# columns: 3
 0.021457862854003907 0.015222805738449096 0.0033590853214263915
 0.11813483238220215 0.12845171689987184 0.16430165767669677
 0.023737804591655733 0.17361761331558229 0.045964258909225467



# name: <cell-element>
# type: matrix
# rows: 3
# columns: 3
 0.062916910648345953 0.18034764528274536 0.095696163177490232
 0.18637704849243164 0.19208307266235353 0.026128122210502626
 0.005124843865633011 0.017784191668033598 0.18009979724884034



# name: <cell-element>
# type: matrix
# rows: 3
# columns: 3
 0.14107881784439086 0.12650166749954223 0.07165907025337219
 0.16725317239761353 0.08567155003547669 0.085191261768341062
 0.18110364675521851 0.11543564796447754 0.085522562265396118



# name: <cell-element>
# type: matrix
# rows: 3
# columns: 3
 0.071258956193923945 0.12662134170532227 0.097622114419937137
 0.03135012984275818 0.13721569776535034 0.097209966182708746
 0.034907627105712893 0.13056561946868897 0.12473129034042359






# name: <cell-element>
# type: cell
# rows: 1
# columns: 4
# name: <cell-element>
# type: matrix
# rows: 3
# columns: 3
 0.030644828081130983 0.13624207973480223 0.16529312133789062
 0.18901406526565551 0.09977954626083374 0.1122247338294983
 0.191806161403656 0.073397606611251831 0.09291947484016419



# name: <cell-element>
# type: matrix
# rows: 3
# columns: 3
 0.044586381316184996 0.057808029651641848 0.041427427530288698
 0.098005801439285278 0.094069629907608032 0.18507311344146729
 0.10688673257827759 0.047314471006393431 0.055330717563629152



# name: <cell-element>
# type: matrix
# rows: 3
# columns: 3
 0.1092191219329834 0.09954838156700134 0.15308576822280884
 0.17612290382385254 0.11942461729049683 0.0072804577648639679
 0.091249161958694452 0.027879068255424501 0.018743462860584259



# name: <cell-element>
# type: matrix
# rows: 3
# columns: 3
 0.0522762656211853 0.057703059911727902 0.13107261657714844
 0.039008721709251404 0.18063780069351196 0.090749579668045047
 0.1334861397743225 0.06781466603279114 0.19873313903808593








# name: b
# type: global cell
# rows: 1
# columns: 2
# name: <cell-element>
# type: matrix
# rows: 4
# columns: 1
 182.6836633682251
 158.70698869228363
 150.4254112765193
 150.91439343988895



# name: <cell-element>
# type: matrix
# rows: 4
# columns: 1
 163.45640182495117
 154.57678288221359
 161.18719100952148
 184.58437919616699





# name: alpha
# type: global cell
# rows: 1
# columns: 2
# name: <cell-element>
# type: scalar
0.90000000000000002



# name: <cell-element>
# type: scalar
0.90000000000000002





# name: x_min
# type: global cell
# rows: 1
# columns: 2
# name: <cell-element>
# type: matrix
# rows: 4
# columns: 3
 56 56 56
 56 56 56
 56 56 56
 56 56 56



# name: <cell-element>
# type: matrix
# rows: 4
# columns: 3
 57 57 57
 57 57 57
 57 57 57
 57 57 57





# name: x_max
# type: global cell
# rows: 1
# columns: 2
# name: <cell-element>
# type: matrix
# rows: 4
# columns: 3
 203.90230774879456 207.31618344783783 208.7782096862793
 202.56412833929062 208.29095184803009 207.40469038486481
 204.4739180803299 208.29933762550354 207.7103990316391
 201.87816053628922 200.15290042385459 207.61190533638



# name: <cell-element>
# type: matrix
# rows: 4
# columns: 3
 204.92521286010742 208.26735734939575 205.16366839408875
 207.44603037834167 202.34094098210335 203.43702048063278
 207.31331050395966 209.5731395483017 201.90121710300446
 208.22390496730804 209.61629688739777 200.45916512608528





# name: x
# type: global cell
# rows: 1
# columns: 2
# name: <cell-element>
# type: matrix
# rows: 4
# columns: 3
 95.305041542219726 91.684942805309277 93.771467328716923
 84.72564586207217 81.121614059842756 87.667305629963096
 79.878161670575736 83.930322244592119 84.486107914696234
 89.093280084723418 85.052105360368159 86.059345077269441



# name: <cell-element>
# type: matrix
# rows: 4
# columns: 3
 83.897311104281229 88.600605038523526 85.545941121738451
 91.553125515678573 94.148858363194762 88.157465607262793
 94.027178713644233 92.884253668373049 93.392886039412986
 92.958806746717926 94.749100227369766 93.004500749629585





