# Created by Octave 5.2.0, Sun Jun 21 16:09:50 2020 IST <nalin@nalinspc>
# name: N1
# type: global scalar
0


# name: N2
# type: global scalar
0


# name: N3
# type: global scalar
4


# name: M
# type: global scalar
3


# name: beta
# type: global matrix
# rows: 4
# columns: 3
 300 300 300
 300 300 300
 300 300 300
 300 300 300


# name: delta
# type: global matrix
# rows: 4
# columns: 3
 1 1 1
 1 1 1
 1 1 1
 1 1 1


# name: c
# type: global cell
# rows: 1
# columns: 2
# name: <cell-element>
# type: matrix
# rows: 4
# columns: 3
 20 20 20
 20 20 20
 20 20 20
 20 20 20



# name: <cell-element>
# type: matrix
# rows: 4
# columns: 3
 15 15 15
 15 15 15
 15 15 15
 15 15 15





# name: A_u
# type: global matrix
# rows: 0
# columns: 0


# name: A_v
# type: global matrix
# rows: 0
# columns: 0


# name: A_s
# type: global matrix
# rows: 0
# columns: 0


# name: b
# type: global matrix
# rows: 0
# columns: 0


# name: alpha
# type: global cell
# rows: 1
# columns: 2
# name: <cell-element>
# type: scalar
0.90000000000000002



# name: <cell-element>
# type: scalar
0.90000000000000002





# name: x_min
# type: global cell
# rows: 1
# columns: 2
# name: <cell-element>
# type: matrix
# rows: 4
# columns: 3
 56 56 56
 56 56 56
 56 56 56
 56 56 56



# name: <cell-element>
# type: matrix
# rows: 4
# columns: 3
 57 57 57
 57 57 57
 57 57 57
 57 57 57





# name: x_max
# type: global cell
# rows: 1
# columns: 2
# name: <cell-element>
# type: matrix
# rows: 4
# columns: 3
 203.57516497373581 209.19692695140839 205.03913640975952
 200.47427758574486 209.49874520301819 207.04210340976715
 204.2528361082077 205.8384907245636 203.31438213586807
 205.61481356620789 203.36203932762146 204.86425161361694



# name: <cell-element>
# type: matrix
# rows: 4
# columns: 3
 207.38468766212463 209.71915006637573 207.95016050338745
 208.42048943042755 208.6869865655899 201.38688951730728
 200.02157290931791 202.89432287216187 207.98644840717316
 202.82509118318558 205.21525502204895 200.72863273322582





# name: x
# type: global cell
# rows: 1
# columns: 2
# name: <cell-element>
# type: matrix
# rows: 4
# columns: 3
 91.666665556810003 91.666661328928186 91.666670078304136
 91.666665464100632 91.666663775344233 91.666663536826476
 91.66666097174074 91.666658814572727 91.666669849077692
 91.666668563816515 91.666665926496179 91.666665715495597



# name: <cell-element>
# type: matrix
# rows: 4
# columns: 3
 96.666659421528308 96.666660035192763 96.666650365530117
 96.666656359532297 96.666660787791841 96.666654632407841
 96.666665507937481 96.666666451679902 96.666654634973426
 96.666651766517106 96.666655765841426 96.666656245077121





# name: w
# type: matrix
# rows: 32
# columns: 1
 4.5181587968909342
 4.5181587958795593
 4.518158746871995
 4.5181588296946416
 4.5181587507685856
 4.5181587774567618
 4.5181587233392513
 4.5181588009238745
 4.5181588462163242
 4.5181587748547498
 4.5181588437156721
 4.5181587986220499
 0.24999999999998698
 0.25000000000014716
 0.24999999999987962
 0.24999999999998623
 4.5712685593627
 4.5712685276868763
 4.5712686223255563
 4.57126848017292
 4.5712685657109535
 4.5712685734964618
 4.5712686320884091
 4.571268521545246
 4.5712684656799487
 4.5712685098200696
 4.5712685098466102
 4.5712685265028572
 0.24999999999999209
 0.25000000000004374
 0.24999999999996572
 0.24999999999999853


# name: payoffs_history
# type: cell
# rows: 1
# columns: 2
# name: <cell-element>
# type: matrix
# rows: 1
# columns: 23
 36864 215471.99999999988 113364.00967526998 125460.75690853472 105982.12719431429 106738.17454459495 102246.53805456316 102293.79109125533 101194.46082613159 101197.41337816659 100924.10871261594 100924.29324727226 100856.02720778016 100856.03870738152 100838.72473614922 100838.72550127006 100834.37364406278 100834.37369116877 100833.1540886716 100833.15408941006 100833.29669487069 100833.29669500171 100833.34323571561



# name: <cell-element>
# type: matrix
# rows: 1
# columns: 23
 37584 20016.000117456853 68403.000738998759 97168.494525872768 100192.68347110758 108896.15397361772 109085.16582793253 111355.63981811507 111367.45405954335 111940.87835937683 111941.61647720734 112085.41130376572 112085.45748226138 112121.22516602429 112121.2280188736 112130.46277706997 112130.46293732227 112133.14137837398 112133.14138667038 112133.47492907131 112133.47492918784 112133.33530710757 112133.33530711915





# name: total_iter
# type: scalar
22


# name: opti
# type: cell
# rows: 1
# columns: 2
# name: <cell-element>
# type: matrix
# rows: 29
# columns: 1
 0
 0.24999999999998698
 0.25000000000014716
 0.24999999999987962
 0.24999999999998623
 35.666665556810003
 35.666665464100632
 35.66666097174074
 35.666668563816515
 35.666661328928186
 35.666663775344233
 35.666658814572727
 35.666665926496179
 35.666670078304136
 35.666663536826476
 35.666669849077692
 35.666665715495597
 111.90849941692581
 108.80761212164423
 112.58617513646696
 113.94814500239137
 117.5302656224802
 117.83208142767396
 114.17183190999087
 111.69537340112528
 113.37246633145539
 115.37543987294067
 111.64771228679038
 113.19758589812135



# name: <cell-element>
# type: matrix
# rows: 29
# columns: 1
 0
 0.24999999999999209
 0.25000000000004374
 0.24999999999996572
 0.24999999999999853
 39.666659421528308
 39.666656359532297
 39.666665507937481
 39.666651766517106
 39.666660035192763
 39.666660787791841
 39.666666451679902
 39.666655765841426
 39.666650365530117
 39.666654632407841
 39.666654634973426
 39.666656245077121
 110.71802824059633
 111.75383307089525
 103.35490740138043
 106.15843941666847
 113.05249003118297
 112.02032577779806
 106.22765642048196
 108.54859925620752
 111.28351013785733
 104.72023488489944
 111.31979377219973
 104.0619764881487





