# Created by Octave 5.2.0, Sun Jun 21 16:21:55 2020 IST <nalin@nalinspc>
# name: N1
# type: global scalar
0


# name: N2
# type: global scalar
0


# name: N3
# type: global scalar
4


# name: M
# type: global scalar
3


# name: beta
# type: global matrix
# rows: 4
# columns: 3
 300 300 300
 300 300 300
 300 300 300
 300 300 300


# name: delta
# type: global matrix
# rows: 4
# columns: 3
 1 1 1
 1 1 1
 1 1 1
 1 1 1


# name: c
# type: global cell
# rows: 1
# columns: 2
# name: <cell-element>
# type: matrix
# rows: 4
# columns: 3
 20 20 20
 20 20 20
 20 20 20
 20 20 20



# name: <cell-element>
# type: matrix
# rows: 4
# columns: 3
 15 15 15
 15 15 15
 15 15 15
 15 15 15





# name: A_u
# type: global cell
# rows: 1
# columns: 2
# name: <cell-element>
# type: matrix
# rows: 4
# columns: 3
 0.22717051804065705 0.27768075466156006 0.2014563946053386
 0.22854707539081576 0.22023975998163225 0.26723169088363652
 0.28218510150909426 0.28605569601058961 0.20176737308502199
 0.25497552156448366 0.22292950451374055 0.25178224444389347



# name: <cell-element>
# type: matrix
# rows: 4
# columns: 3
 0.23107818365097046 0.25633773803710941 0.23592756390571595
 0.23821417689323426 0.20540764890611174 0.2132918953895569
 0.23114873766899111 0.21108184009790421 0.26171711683273319
 0.22010527402162552 0.26304693818092351 0.22091204673051834





# name: A_v
# type: global cell
# rows: 1
# columns: 2
# name: <cell-element>
# type: cell
# rows: 1
# columns: 4
# name: <cell-element>
# type: matrix
# rows: 3
# columns: 3
 0.041942150361154139 0.039732055945641206 0.046863473630315386
 0.039732055945641206 0.058263694597330488 0.069426416773880256
 0.046863473630315386 0.069426416773880256 0.088893681826166082



# name: <cell-element>
# type: matrix
# rows: 3
# columns: 3
 0.034817925450270598 0.029131883822132641 0.039108976543704516
 0.029131883822132641 0.04868882728390659 0.051656382270484399
 0.039108976543704516 0.051656382270484399 0.059014038824846474



# name: <cell-element>
# type: matrix
# rows: 3
# columns: 3
 0.075614518836046626 0.027072947007008994 0.064520496933308955
 0.027072947007008994 0.043245692876508826 0.049000712458119294
 0.064520496933308955 0.049000712458119294 0.078657851508075527



# name: <cell-element>
# type: matrix
# rows: 3
# columns: 3
 0.0060517778172404528 0.014310664455459213 0.011852823919079433
 0.014310664455459213 0.054083421269577624 0.033074047675012819
 0.011852823919079433 0.033074047675012819 0.029753724897814634






# name: <cell-element>
# type: cell
# rows: 1
# columns: 4
# name: <cell-element>
# type: matrix
# rows: 3
# columns: 3
 0.053359375608767294 0.020126377053454145 0.037793420721331059
 0.020126377053454145 0.03202405917390954 0.02103873874955051
 0.037793420721331059 0.02103873874955051 0.0388195043323687



# name: <cell-element>
# type: matrix
# rows: 3
# columns: 3
 0.075368957160181119 0.039623576752497489 0.042897859747371141
 0.039623576752497489 0.046429994000368853 0.025560872907198547
 0.042897859747371141 0.025560872907198547 0.025403918266317368



# name: <cell-element>
# type: matrix
# rows: 3
# columns: 3
 0.02336617177977925 0.02578982881224582 0.032466006172235204
 0.02578982881224582 0.036408879284457851 0.034730274078739506
 0.032466006172235204 0.034730274078739506 0.046982117162424439



# name: <cell-element>
# type: matrix
# rows: 3
# columns: 3
 0.049789386098168964 0.015400020429521745 0.03128461532421347
 0.015400020429521745 0.0072608537837087987 0.011687164644899398
 0.03128461532421347 0.011687164644899398 0.026777011813867657








# name: A_s
# type: global cell
# rows: 1
# columns: 2
# name: <cell-element>
# type: cell
# rows: 1
# columns: 4
# name: <cell-element>
# type: matrix
# rows: 3
# columns: 3
 0.0026270469650626184 0.049849963188171385 0.19862082004547119
 0.054459291696548465 0.17691363096237184 0.15491755008697511
 0.13911268711090088 0.1853446125984192 0.18758655786514283



# name: <cell-element>
# type: matrix
# rows: 3
# columns: 3
 0.15748450756072999 0.031978997588157657 0.09483616948127746
 0.13065063953399658 0.17506077289581298 0.031192362308502197
 0.18592331409454346 0.1466645359992981 0.054185551404953



# name: <cell-element>
# type: matrix
# rows: 3
# columns: 3
 0.038489320874214174 0.19022363424301147 0.1948026180267334
 0.19469313621520995 0.059545624256134036 0.042362651228904723
 0.16826730966567993 0.19900791645050048 0.10363306999206542



# name: <cell-element>
# type: matrix
# rows: 3
# columns: 3
 0.023526032269001008 0.0067800328135490416 0.073839926719665522
 0.083549225330352778 0.1538700819015503 0.15305863618850707
 0.12082327604293823 0.0307714581489563 0.11919974088668824






# name: <cell-element>
# type: cell
# rows: 1
# columns: 4
# name: <cell-element>
# type: matrix
# rows: 3
# columns: 3
 0.16780995130538939 0.15873562097549437 0.0014827289618551732
 0.11206721067428589 0.0070165708661079403 0.13934047222137452
 0.070657593011856076 0.16259046792984008 0.085972952842712405



# name: <cell-element>
# type: matrix
# rows: 3
# columns: 3
 0.17674489021301271 0.19178869724273681 0.085716372728347784
 0.092908346652984614 0.035553672909736635 0.19113861322402953
 0.081327253580093378 0.11629225015640259 0.0725665807723999



# name: <cell-element>
# type: matrix
# rows: 3
# columns: 3
 0.071159827709198001 0.13509420156478882 0.0072116158902645108
 0.067336052656173706 0.15028917789459229 0.096373742818832403
 0.13675283193588256 0.16814874410629271 0.0026038385927677154



# name: <cell-element>
# type: matrix
# rows: 3
# columns: 3
 0.098605614900588986 0.1422021508216858 0.14087181091308593
 0.0730778694152832 0.018074125051498413 0.039922484755516054
 0.075412929058074951 0.026204764842987061 0.14283981323242187








# name: b
# type: global cell
# rows: 1
# columns: 2
# name: <cell-element>
# type: matrix
# rows: 4
# columns: 1
 160.65095782279968
 163.89071464538574
 166.6248345375061
 177.94565439224243



# name: <cell-element>
# type: matrix
# rows: 4
# columns: 1
 177.42168188095093
 189.85357761383057
 164.55600619316101
 188.26931476593018





# name: alpha
# type: global cell
# rows: 1
# columns: 2
# name: <cell-element>
# type: scalar
0.90000000000000002



# name: <cell-element>
# type: scalar
0.90000000000000002





# name: x_min
# type: global cell
# rows: 1
# columns: 2
# name: <cell-element>
# type: matrix
# rows: 4
# columns: 3
 56 56 56
 56 56 56
 56 56 56
 56 56 56



# name: <cell-element>
# type: matrix
# rows: 4
# columns: 3
 57 57 57
 57 57 57
 57 57 57
 57 57 57





# name: x_max
# type: global cell
# rows: 1
# columns: 2
# name: <cell-element>
# type: matrix
# rows: 4
# columns: 3
 209.06587839126587 201.37581184506416 205.64774572849274
 208.60905408859253 202.68705576658249 202.58598476648331
 204.58445876836777 204.52976167201996 204.90840822458267
 200.00983426347375 208.54833126068115 208.98573219776154



# name: <cell-element>
# type: matrix
# rows: 4
# columns: 3
 208.69547545909882 202.54146188497543 208.77042174339294
 206.95880055427551 204.1679173707962 209.46208536624908
 200.95917962491512 202.91254758834839 203.85860085487366
 205.92331230640411 206.8168181180954 200.32443132251501





# name: x
# type: global cell
# rows: 1
# columns: 2
# name: <cell-element>
# type: matrix
# rows: 4
# columns: 3
 85.870176712090242 82.594353974354178 82.590825379902569
 84.962987987598623 86.098222763007712 87.657755348023258
 83.338816095765793 82.073974498219727 84.633688347335919
 89.973959833129484 90.043070775543697 89.514693119487944



# name: <cell-element>
# type: matrix
# rows: 4
# columns: 3
 99.56496121977095 101.20280599117042 101.2045656374284
 100.01848178989906 99.450895459691978 98.671183182894879
 100.8305898096575 101.46299570006289 100.18317795492466
 97.513053917101374 97.478503629647605 97.742647276928608





