# Created by Octave 5.2.0, Sun Jun 21 16:14:49 2020 IST <nalin@nalinspc>
# name: N1
# type: global scalar
0


# name: N2
# type: global scalar
0


# name: N3
# type: global scalar
4


# name: M
# type: global scalar
3


# name: beta
# type: global matrix
# rows: 4
# columns: 3
 300 300 300
 300 300 300
 300 300 300
 300 300 300


# name: delta
# type: global matrix
# rows: 4
# columns: 3
 1 1 1
 1 1 1
 1 1 1
 1 1 1


# name: c
# type: global cell
# rows: 1
# columns: 2
# name: <cell-element>
# type: matrix
# rows: 4
# columns: 3
 20 20 20
 20 20 20
 20 20 20
 20 20 20



# name: <cell-element>
# type: matrix
# rows: 4
# columns: 3
 15 15 15
 15 15 15
 15 15 15
 15 15 15





# name: A_u
# type: global cell
# rows: 1
# columns: 2
# name: <cell-element>
# type: matrix
# rows: 4
# columns: 3
 0.26366005539894105 0.23718088269233706 0.21808829307556155
 0.26102458238601683 0.29915049076080324 0.25252461433410645
 0.25704540014266969 0.22161771208047867 0.24119501411914826
 0.27052304148674011 0.21215875521302224 0.24152018129825592



# name: <cell-element>
# type: matrix
# rows: 4
# columns: 3
 0.21661640852689745 0.22887941002845766 0.2802715003490448
 0.25956796407699584 0.27120320200920106 0.25704624652862551
 0.25932828783988954 0.26372460126876829 0.2137603133916855
 0.20253357999026778 0.20226949770003558 0.26235867738723756





# name: A_v
# type: global cell
# rows: 1
# columns: 2
# name: <cell-element>
# type: cell
# rows: 1
# columns: 4
# name: <cell-element>
# type: matrix
# rows: 3
# columns: 3
 0.045754457757380962 0.037869200350837177 0.017251541470877037
 0.037869200350837177 0.034261142371477364 0.019326652015237009
 0.017251541470877037 0.019326652015237009 0.024082981842713815



# name: <cell-element>
# type: matrix
# rows: 3
# columns: 3
 0.053497973897104027 0.056155954734309788 0.02565839132762399
 0.056155954734309788 0.068931909578711731 0.031001512449660602
 0.02565839132762399 0.031001512449660602 0.014629488454135569



# name: <cell-element>
# type: matrix
# rows: 3
# columns: 3
 0.093439628330770297 0.07739210781907814 0.054708376733531031
 0.07739210781907814 0.080770347573828477 0.041133710154412452
 0.054708376733531031 0.041133710154412452 0.035585148754686075



# name: <cell-element>
# type: matrix
# rows: 3
# columns: 3
 0.062564529818267975 0.027790567930107819 0.056246907520008015
 0.027790567930107819 0.019623622672578136 0.022779937708331199
 0.056246907520008015 0.022779937708331199 0.052946840950228773






# name: <cell-element>
# type: cell
# rows: 1
# columns: 4
# name: <cell-element>
# type: matrix
# rows: 3
# columns: 3
 0.05566455780072161 0.04608851132018927 0.031718638060768571
 0.04608851132018927 0.047703448065998882 0.038098034140017931
 0.031718638060768571 0.038098034140017931 0.033161699326700225



# name: <cell-element>
# type: matrix
# rows: 3
# columns: 3
 0.018039011076346759 0.031509028650564798 0.0071110493630725455
 0.031509028650564798 0.076463537707214466 0.011453787307654508
 0.0071110493630725455 0.011453787307654508 0.0029206643920338849



# name: <cell-element>
# type: matrix
# rows: 3
# columns: 3
 0.043589647143499236 0.038724679195861783 0.035938970034930941
 0.038724679195861783 0.047957257278452126 0.03511849928543237
 0.035938970034930941 0.03511849928543237 0.042160280855684226



# name: <cell-element>
# type: matrix
# rows: 3
# columns: 3
 0.011370985146106537 0.010008355093395593 0.011167285649995123
 0.010008355093395593 0.028312651544031158 0.029870228976011982
 0.011167285649995123 0.029870228976011982 0.033679362478474931








# name: A_s
# type: global cell
# rows: 1
# columns: 2
# name: <cell-element>
# type: cell
# rows: 1
# columns: 4
# name: <cell-element>
# type: matrix
# rows: 3
# columns: 3
 0.04742768406867981 0.19969686269760131 0.060218232870101931
 0.082241183519363409 0.1469088912010193 0.076911038160324102
 0.039239239692687986 0.032893577218055726 0.14649667739868164



# name: <cell-element>
# type: matrix
# rows: 3
# columns: 3
 0.12810586690902709 0.1607714056968689 0.10601611137390136
 0.055094021558761599 0.1963505744934082 0.16535722017288207
 0.035543113946914673 0.071220004558563227 0.091070777177810674



# name: <cell-element>
# type: matrix
# rows: 3
# columns: 3
 0.17215300798416139 0.16183818578720094 0.19393651485443114
 0.037973558902740477 0.1991827368736267 0.19913461208343505
 0.13513971567153932 0.11256831884384155 0.068196624517440796



# name: <cell-element>
# type: matrix
# rows: 3
# columns: 3
 0.044053933024406432 0.16471730470657348 0.18300817012786866
 0.0049608923494815823 0.13736308813095094 0.027025806903839111
 0.0039196752011775972 0.12809548377990723 0.19110997915267944






# name: <cell-element>
# type: cell
# rows: 1
# columns: 4
# name: <cell-element>
# type: matrix
# rows: 3
# columns: 3
 0.18466339111328126 0.066319561004638677 0.13101795911788941
 0.11237623691558837 0.012935189902782441 0.18683605194091796
 0.045588970184326172 0.0030831843614578247 0.1762777328491211



# name: <cell-element>
# type: matrix
# rows: 3
# columns: 3
 0.058684021234512329 0.050039970874786378 0.10995998382568359
 0.15917522907257081 0.1962610125541687 0.11228712797164916
 0.013600391149520875 0.019580978155136108 0.048500299453735352



# name: <cell-element>
# type: matrix
# rows: 3
# columns: 3
 0.16593064069747926 0.072998440265655523 0.10357556343078614
 0.081565099954605105 0.14905003309249878 0.1381610631942749
 0.14520505666732789 0.14464280605316163 0.012418978661298753



# name: <cell-element>
# type: matrix
# rows: 3
# columns: 3
 0.096324014663696292 0.043713846802711488 0.013482171297073364
 0.030178898572921754 0.13140206336975097 0.10067464113235473
 0.030364790558815004 0.16713351011276245 0.06945309042930603








# name: b
# type: global cell
# rows: 1
# columns: 2
# name: <cell-element>
# type: matrix
# rows: 4
# columns: 1
 167.07612037658691
 176.50227069854736
 156.03230178356171
 186.53921365737915



# name: <cell-element>
# type: matrix
# rows: 4
# columns: 1
 155.87301254272461
 171.25523567199707
 160.76145172119141
 180.36514282226562





# name: alpha
# type: global cell
# rows: 1
# columns: 2
# name: <cell-element>
# type: scalar
0.90000000000000002



# name: <cell-element>
# type: scalar
0.90000000000000002





# name: x_min
# type: global cell
# rows: 1
# columns: 2
# name: <cell-element>
# type: matrix
# rows: 4
# columns: 3
 56 56 56
 56 56 56
 56 56 56
 56 56 56



# name: <cell-element>
# type: matrix
# rows: 4
# columns: 3
 57 57 57
 57 57 57
 57 57 57
 57 57 57





# name: x_max
# type: global cell
# rows: 1
# columns: 2
# name: <cell-element>
# type: matrix
# rows: 4
# columns: 3
 201.93945184350014 208.60064327716827 206.34377062320709
 200.02502214163542 205.53771436214447 205.22916793823242
 203.14742684364319 203.53425532579422 201.33429452776909
 204.29807841777802 209.40773069858551 201.12598165869713



# name: <cell-element>
# type: matrix
# rows: 4
# columns: 3
 209.68206584453583 206.97811365127563 201.88262283802032
 203.2927879691124 200.41721895337105 201.13623648881912
 203.56288373470306 209.5002406835556 208.41260969638824
 205.83101987838745 203.2100436091423 202.07597076892853





# name: x
# type: global cell
# rows: 1
# columns: 2
# name: <cell-element>
# type: matrix
# rows: 4
# columns: 3
 92.602078656854999 88.820339854475208 93.251598796621593
 89.170437480481226 86.360830830627393 87.391107412002754
 85.15730055422992 83.316627771353907 81.558971091255472
 90.729660954428056 89.423317452662715 89.051011761641718



# name: <cell-element>
# type: matrix
# rows: 4
# columns: 3
 89.909646838066479 94.694794553518093 87.837431707252804
 93.203553217541327 94.053815926822693 94.361879386098963
 91.906554190906533 93.029866436642408 95.744414108071794
 96.736221196593618 97.030684822558882 97.418488185809366





