# Created by Octave 5.2.0, Sun Jun 21 16:09:01 2020 IST <nalin@nalinspc>
# name: N1
# type: global scalar
0


# name: N2
# type: global scalar
0


# name: N3
# type: global scalar
4


# name: M
# type: global scalar
3


# name: beta
# type: global matrix
# rows: 4
# columns: 3
 300 300 300
 300 300 300
 300 300 300
 300 300 300


# name: delta
# type: global matrix
# rows: 4
# columns: 3
 1 1 1
 1 1 1
 1 1 1
 1 1 1


# name: c
# type: global cell
# rows: 1
# columns: 2
# name: <cell-element>
# type: matrix
# rows: 4
# columns: 3
 20 20 20
 20 20 20
 20 20 20
 20 20 20



# name: <cell-element>
# type: matrix
# rows: 4
# columns: 3
 15 15 15
 15 15 15
 15 15 15
 15 15 15





# name: A_u
# type: global matrix
# rows: 0
# columns: 0


# name: A_v
# type: global matrix
# rows: 0
# columns: 0


# name: A_s
# type: global matrix
# rows: 0
# columns: 0


# name: b
# type: global matrix
# rows: 0
# columns: 0


# name: alpha
# type: global cell
# rows: 1
# columns: 2
# name: <cell-element>
# type: scalar
0.90000000000000002



# name: <cell-element>
# type: scalar
0.90000000000000002





# name: x_min
# type: global cell
# rows: 1
# columns: 2
# name: <cell-element>
# type: matrix
# rows: 4
# columns: 3
 56 56 56
 56 56 56
 56 56 56
 56 56 56



# name: <cell-element>
# type: matrix
# rows: 4
# columns: 3
 57 57 57
 57 57 57
 57 57 57
 57 57 57





# name: x_max
# type: global cell
# rows: 1
# columns: 2
# name: <cell-element>
# type: matrix
# rows: 4
# columns: 3
 202.92087972164154 202.95841336250305 207.56098985671997
 206.29457473754883 201.91433355212212 206.31692945957184
 203.81067246198654 200.91679707169533 204.5223468542099
 203.08811992406845 209.78031516075134 209.36894297599792



# name: <cell-element>
# type: matrix
# rows: 4
# columns: 3
 202.30363935232162 202.62273609638214 203.52314621210098
 200.36940895020962 201.37907952070236 207.28662848472595
 205.43809711933136 209.53669011592865 200.1569140329957
 202.02746286988258 206.41317009925842 201.2675678730011





# name: x
# type: global cell
# rows: 1
# columns: 2
# name: <cell-element>
# type: matrix
# rows: 4
# columns: 3
 91.666568427372894 91.666585286708369 91.666605648035528
 91.666560022821287 91.666579019108809 91.666603522001438
 91.666587563849276 91.666547969683776 91.666569851306392
 91.666549819984667 91.666595950393642 91.666565587989965



# name: <cell-element>
# type: matrix
# rows: 4
# columns: 3
 96.666722853405787 96.666726661266281 96.666709439880492
 96.666735037706559 96.666734443594606 96.666714736303661
 96.666730039084612 96.666743620093428 96.666731079352473
 96.666748620525013 96.666717942060799 96.666730334933249





# name: w
# type: matrix
# rows: 32
# columns: 1
 4.5181577372965007
 4.5181576456103807
 4.5181579460582633
 4.5181575343065727
 4.5181579212167042
 4.5181578528428279
 4.5181575141214463
 4.5181580375479129
 4.5181581433404459
 4.5181581201473309
 4.5181577528303372
 4.5181577063213805
 0.25000000000004796
 0.25000000000005096
 0.24999999999997699
 0.24999999999992406
 4.5712692155543699
 4.5712693415987795
 4.5712692898889324
 4.5712694821105853
 4.5712692549460066
 4.571269335452798
 4.5712694303820252
 4.5712691647473811
 4.5712690767938344
 4.5712691315843932
 4.5712693006503171
 4.5712692929494336
 0.24999999999998901
 0.25000000000005301
 0.25
 0.24999999999995795


# name: payoffs_history
# type: cell
# rows: 1
# columns: 2
# name: <cell-element>
# type: matrix
# rows: 1
# columns: 21
 36864 215471.9999999998 113364.00112522882 125460.74969511424 105982.12705415716 106738.17382890088 102246.54127838774 102293.79409761161 101194.51392896904 101197.46726921581 100924.11654940141 100924.30113504476 100855.99193113187 100856.00345130429 100839.47453782741 100839.47524409392 100834.75369226892 100834.75376063018 100833.34202625282 100833.34203033341 100833.26505921537



# name: <cell-element>
# type: matrix
# rows: 1
# columns: 21
 37584 20016.000288148487 68403.001812934031 97168.499789399997 100192.68713054118 108896.15758698774 109085.16953539418 111355.53595729676 111367.3491828016 111940.8541495394 111941.59249670453 112085.39747128851 112085.44365144055 112121.18803681398 112121.19087037319 112129.82979819132 112129.82999750435 112132.64963992751 112132.64965116521 112133.43786196236 112133.43786199356





# name: total_iter
# type: scalar
20


# name: opti
# type: cell
# rows: 1
# columns: 2
# name: <cell-element>
# type: matrix
# rows: 29
# columns: 1
 0
 0.25000000000004796
 0.25000000000005096
 0.24999999999997699
 0.24999999999992406
 35.666568427372894
 35.666560022821287
 35.666587563849276
 35.666549819984667
 35.666585286708369
 35.666579019108809
 35.666547969683776
 35.666595950393642
 35.666605648035528
 35.666603522001438
 35.666569851306392
 35.666565587989965
 111.25431129426865
 114.62801471472754
 112.14408489813727
 111.42157010408378
 111.29182807579468
 110.24775453301331
 109.25024910201155
 118.1137192103577
 115.89438420868444
 114.6503259375704
 112.85577700290351
 117.70237738800796



# name: <cell-element>
# type: matrix
# rows: 29
# columns: 1
 1.1102230246251565e-16
 0.24999999999998901
 0.25000000000005301
 0.25
 0.24999999999995795
 39.666722853405787
 39.666735037706559
 39.666730039084612
 39.666748620525013
 39.666726661266281
 39.666734443594606
 39.666743620093428
 39.666717942060799
 39.666709439880492
 39.666714736303661
 39.666731079352473
 39.666730334933249
 105.63691649891584
 103.70267391250306
 108.77136708024675
 105.36071424935757
 105.95600943511586
 104.71234507710776
 112.86994649583522
 109.74645215719762
 106.85643677222049
 110.61991374842229
 103.49018295364323
 104.60083753806785





