# Created by Octave 5.2.0, Sun Jun 21 16:08:15 2020 IST <nalin@nalinspc>
# name: N1
# type: global scalar
0


# name: N2
# type: global scalar
0


# name: N3
# type: global scalar
4


# name: M
# type: global scalar
3


# name: beta
# type: global matrix
# rows: 4
# columns: 3
 300 300 300
 300 300 300
 300 300 300
 300 300 300


# name: delta
# type: global matrix
# rows: 4
# columns: 3
 1 1 1
 1 1 1
 1 1 1
 1 1 1


# name: c
# type: global cell
# rows: 1
# columns: 2
# name: <cell-element>
# type: matrix
# rows: 4
# columns: 3
 20 20 20
 20 20 20
 20 20 20
 20 20 20



# name: <cell-element>
# type: matrix
# rows: 4
# columns: 3
 15 15 15
 15 15 15
 15 15 15
 15 15 15





# name: A_u
# type: global matrix
# rows: 0
# columns: 0


# name: A_v
# type: global matrix
# rows: 0
# columns: 0


# name: A_s
# type: global matrix
# rows: 0
# columns: 0


# name: b
# type: global matrix
# rows: 0
# columns: 0


# name: alpha
# type: global cell
# rows: 1
# columns: 2
# name: <cell-element>
# type: scalar
0.90000000000000002



# name: <cell-element>
# type: scalar
0.90000000000000002





# name: x_min
# type: global cell
# rows: 1
# columns: 2
# name: <cell-element>
# type: matrix
# rows: 4
# columns: 3
 56 56 56
 56 56 56
 56 56 56
 56 56 56



# name: <cell-element>
# type: matrix
# rows: 4
# columns: 3
 57 57 57
 57 57 57
 57 57 57
 57 57 57





# name: x_max
# type: global cell
# rows: 1
# columns: 2
# name: <cell-element>
# type: matrix
# rows: 4
# columns: 3
 201.93945184350014 208.60064327716827 206.34377062320709
 200.02502214163542 205.53771436214447 205.22916793823242
 203.14742684364319 203.53425532579422 201.33429452776909
 204.29807841777802 209.40773069858551 201.12598165869713



# name: <cell-element>
# type: matrix
# rows: 4
# columns: 3
 209.68206584453583 206.97811365127563 201.88262283802032
 203.2927879691124 200.41721895337105 201.13623648881912
 203.56288373470306 209.5002406835556 208.41260969638824
 205.83101987838745 203.2100436091423 202.07597076892853





# name: x
# type: global cell
# rows: 1
# columns: 2
# name: <cell-element>
# type: matrix
# rows: 4
# columns: 3
 91.666545890305542 91.666552312740578 91.666537500819132
 91.66653424295933 91.66652804674942 91.666536416565933
 91.666575805549698 91.666551271597029 91.666515154982719
 91.666532586698324 91.666548016250943 91.666531832309971



# name: <cell-element>
# type: matrix
# rows: 4
# columns: 3
 96.666696244919791 96.666698075756017 96.666718522829498
 96.66671590818973 96.666717446123158 96.666705260737814
 96.666696724240254 96.666701043107821 96.666727122705922
 96.666708118730227 96.666703542211096 96.666695827182352





# name: w
# type: matrix
# rows: 32
# columns: 1
 4.5181574914372904
 4.5181573643751562
 4.5181578177857853
 4.5181573463068281
 4.518157561500308
 4.5181572967800392
 4.5181575501423641
 4.5181575146294524
 4.5181573999154958
 4.5181573880872623
 4.5181571561423617
 4.5181573380771249
 0.24999999999999373
 0.25000000000000616
 0.24999999999997496
 0.25000000000002526
 4.5712689402942921
 4.5712691437073465
 4.5712689452527782
 4.5712690631267687
 4.5712689592339713
 4.5712691596169943
 4.5712689899307035
 4.5712690157834865
 4.5712691707553299
 4.5712690335613422
 4.571269259719517
 4.5712689359728715
 0.25000000000004979
 0.24999999999995179
 0.25000000000002359
 0.24999999999997485


# name: payoffs_history
# type: cell
# rows: 1
# columns: 2
# name: <cell-element>
# type: matrix
# rows: 1
# columns: 21
 36864 215471.99999999994 113364.00483222403 125460.75388192567 105982.12475112254 106738.1717165985 102246.54023402244 102293.79307236031 101194.5142402233 101197.46752050119 100924.20838331713 100924.39330302118 100856.11917814605 100856.13097764706 100839.3843327584 100839.38504661 100834.53001144082 100834.53006312318 100833.19112520313 100833.19112672463 100833.2889815021



# name: <cell-element>
# type: matrix
# rows: 1
# columns: 21
 37584 20015.999951793667 68402.999696701707 97168.498427718441 100192.68705596353 108896.15783202258 109085.16960557565 111355.54150660492 111367.35476759337 111940.67567511802 111941.4135643754 112084.89868615747 112084.94467006584 112121.18876726765 112121.19164609874 112130.29106719227 112130.29127719792 112133.00203741397 112133.00204746015 112133.47938916218 112133.47938921369





# name: total_iter
# type: scalar
20


# name: opti
# type: cell
# rows: 1
# columns: 2
# name: <cell-element>
# type: matrix
# rows: 29
# columns: 1
 -2.2204460492503131e-16
 0.24999999999999373
 0.25000000000000616
 0.24999999999997496
 0.25000000000002526
 35.666545890305542
 35.66653424295933
 35.666575805549698
 35.666532586698324
 35.666552312740578
 35.66652804674942
 35.666551271597029
 35.666548016250943
 35.666537500819132
 35.666536416565933
 35.666515154982719
 35.666531832309971
 110.27290595319459
 108.35848789867609
 111.48085103809349
 112.63154583107969
 116.9340909644277
 113.87118631539505
 111.86770405419719
 117.74118268233457
 114.67723312238796
 113.56263152166649
 109.66777937278637
 109.45944982638716



# name: <cell-element>
# type: matrix
# rows: 29
# columns: 1
 0
 0.25000000000004979
 0.24999999999995179
 0.25000000000002359
 0.24999999999997485
 39.666696244919791
 39.66671590818973
 39.666696724240254
 39.666708118730227
 39.666698075756017
 39.666717446123158
 39.666701043107821
 39.666703542211096
 39.666718522829498
 39.666705260737814
 39.666727122705922
 39.666695827182352
 113.01536959961604
 106.62607206092267
 106.89618701046281
 109.16431175965722
 110.31141557551962
 103.75050150724789
 112.83353964044778
 106.54334006693121
 105.21590431519083
 104.46953122808131
 111.74588257368232
 105.40927494174618





