# Created by Octave 5.2.0, Sun Jun 21 16:18:59 2020 IST <nalin@nalinspc>
# name: N1
# type: global scalar
0


# name: N2
# type: global scalar
0


# name: N3
# type: global scalar
4


# name: M
# type: global scalar
3


# name: beta
# type: global matrix
# rows: 4
# columns: 3
 300 300 300
 300 300 300
 300 300 300
 300 300 300


# name: delta
# type: global matrix
# rows: 4
# columns: 3
 1 1 1
 1 1 1
 1 1 1
 1 1 1


# name: c
# type: global cell
# rows: 1
# columns: 2
# name: <cell-element>
# type: matrix
# rows: 4
# columns: 3
 20 20 20
 20 20 20
 20 20 20
 20 20 20



# name: <cell-element>
# type: matrix
# rows: 4
# columns: 3
 15 15 15
 15 15 15
 15 15 15
 15 15 15





# name: A_u
# type: global cell
# rows: 1
# columns: 2
# name: <cell-element>
# type: matrix
# rows: 4
# columns: 3
 0.23070576190948489 0.25752695202827453 0.28349697589874268
 0.28469399809837342 0.22144306153059007 0.26270643472671507
 0.21291134953498841 0.25084400773048404 0.26005279421806338
 0.26745168566703797 0.28884618878364565 0.20247083827853204



# name: <cell-element>
# type: matrix
# rows: 4
# columns: 3
 0.21124379411339761 0.26327363848686219 0.20341801196336748
 0.23709226250648499 0.24103704690933228 0.23444707691669464
 0.27828090190887456 0.24266423285007477 0.20849964395165443
 0.22239090502262115 0.21357695609331132 0.29520331621170048





# name: A_v
# type: global cell
# rows: 1
# columns: 2
# name: <cell-element>
# type: cell
# rows: 1
# columns: 4
# name: <cell-element>
# type: matrix
# rows: 3
# columns: 3
 0.018781979135471624 0.032274138573536927 0.021834444883081314
 0.032274138573536927 0.082467921759975277 0.037875672932785424
 0.021834444883081314 0.037875672932785424 0.025633594282773012



# name: <cell-element>
# type: matrix
# rows: 3
# columns: 3
 0.042423800609744544 0.029692471467678394 0.027546860868568147
 0.029692471467678394 0.025561037755185714 0.012702390048321821
 0.027546860868568147 0.012702390048321821 0.029819145256771987



# name: <cell-element>
# type: matrix
# rows: 3
# columns: 3
 0.031152494189160156 0.027748705087893569 0.012905413742019386
 0.027748705087893569 0.034312912018377918 0.012709449798035476
 0.012905413742019386 0.012709449798035476 0.0055460643597042914



# name: <cell-element>
# type: matrix
# rows: 3
# columns: 3
 0.03618043760793279 0.030506288105198169 0.029020874353498576
 0.030506288105198169 0.030013724114457359 0.03418118177952735
 0.029020874353498576 0.03418118177952735 0.052255804906623536






# name: <cell-element>
# type: cell
# rows: 1
# columns: 4
# name: <cell-element>
# type: matrix
# rows: 3
# columns: 3
 0.0083124897436953685 0.014375959055960761 0.009826020457524046
 0.014375959055960761 0.033056002208376713 0.0076312492395923925
 0.009826020457524046 0.0076312492395923925 0.03707812032218491



# name: <cell-element>
# type: matrix
# rows: 3
# columns: 3
 0.017221055302060684 0.027456335423468235 0.011480720827656938
 0.027456335423468235 0.045530874339016814 0.02421343316318212
 0.011480720827656938 0.02421343316318212 0.035339920473168931



# name: <cell-element>
# type: matrix
# rows: 3
# columns: 3
 0.074131650528619475 0.034273059017109676 0.017792702689480321
 0.034273059017109676 0.030822928865144952 0.025450562721252946
 0.017792702689480321 0.025450562721252946 0.028504654949420484



# name: <cell-element>
# type: matrix
# rows: 3
# columns: 3
 0.023189712163087579 0.020180839163248362 0.029932067346557064
 0.020180839163248362 0.025252327080962755 0.035091642952182409
 0.029932067346557064 0.035091642952182409 0.076405723444581505








# name: A_s
# type: global cell
# rows: 1
# columns: 2
# name: <cell-element>
# type: cell
# rows: 1
# columns: 4
# name: <cell-element>
# type: matrix
# rows: 3
# columns: 3
 0.077950310707092282 0.11134130954742431 0.017573872208595277
 0.10916141271591187 0.18306602239608766 0.19245399236679078
 0.077613157033920285 0.13843660354614257 0.021097368001937865



# name: <cell-element>
# type: matrix
# rows: 3
# columns: 3
 0.17921415567398072 0.025453591346740724 0.098276150226593015
 0.15355629920959474 0.043149948120117188 0.010935387760400771
 0.062729406356811526 0.031143143773078918 0.15784255266189576



# name: <cell-element>
# type: matrix
# rows: 3
# columns: 3
 0.048847380280494693 0.13533579111099242 0.10222842693328857
 0.084933263063430783 0.16404935121536254 0.013677105307579041
 0.019612666964530946 0.064718806743621821 0.031191083788871764



# name: <cell-element>
# type: matrix
# rows: 3
# columns: 3
 0.014457695186138153 0.086145335435867304 0.16896861791610718
 0.074752813577651983 0.087252539396286008 0.1296639323234558
 0.17716063261032106 0.029948079586029054 0.14132596254348756






# name: <cell-element>
# type: cell
# rows: 1
# columns: 4
# name: <cell-element>
# type: matrix
# rows: 3
# columns: 3
 0.01914946883916855 0.068761444091796881 0.056724345684051512
 0.019854618608951567 0.1780684471130371 0.030877572298049927
 0.15525186061859131 0.0058189969509840015 0.11375904083251953



# name: <cell-element>
# type: matrix
# rows: 3
# columns: 3
 0.04811078906059265 0.055866014957427976 0.10856056213378906
 0.11329815387725831 0.069617486000061041 0.16687662601470948
 0.18356513977050781 0.040381097793579103 0.003623102977871895



# name: <cell-element>
# type: matrix
# rows: 3
# columns: 3
 0.023397009074687957 0.19291088581085206 0.19070820808410643
 0.10248345136642456 0.026830980181694032 0.14000060558319091
 0.15473812818527222 0.0070700071752071384 0.067162352800369265



# name: <cell-element>
# type: matrix
# rows: 3
# columns: 3
 0.11328819990158082 0.0042057488113641742 0.10167500972747803
 0.13680126667022705 0.068328875303268435 0.043230837583541869
 0.10770580768585206 0.19264436960220338 0.16641312837600708








# name: b
# type: global cell
# rows: 1
# columns: 2
# name: <cell-element>
# type: matrix
# rows: 4
# columns: 1
 168.78177881240845
 183.1558084487915
 181.82713270187378
 189.82059717178345



# name: <cell-element>
# type: matrix
# rows: 4
# columns: 1
 161.56055450439453
 168.74639749526978
 151.08075760304928
 173.52957010269165





# name: alpha
# type: global cell
# rows: 1
# columns: 2
# name: <cell-element>
# type: scalar
0.90000000000000002



# name: <cell-element>
# type: scalar
0.90000000000000002





# name: x_min
# type: global cell
# rows: 1
# columns: 2
# name: <cell-element>
# type: matrix
# rows: 4
# columns: 3
 56 56 56
 56 56 56
 56 56 56
 56 56 56



# name: <cell-element>
# type: matrix
# rows: 4
# columns: 3
 57 57 57
 57 57 57
 57 57 57
 57 57 57





# name: x_max
# type: global cell
# rows: 1
# columns: 2
# name: <cell-element>
# type: matrix
# rows: 4
# columns: 3
 208.41159284114838 205.13729870319366 208.16959917545319
 204.42935168743134 205.10264277458191 201.86081051826477
 204.14229512214661 209.60806727409363 206.1163729429245
 207.48314023017883 204.96660828590393 203.49042475223541



# name: <cell-element>
# type: matrix
# rows: 4
# columns: 3
 203.61442595720291 205.44504642486572 204.34340745210648
 208.90771925449371 206.86001002788544 205.36182463169098
 206.37570381164551 209.55491483211517 206.0290652513504
 205.12568354606628 208.01473319530487 200.86336649954319





# name: x
# type: global cell
# rows: 1
# columns: 2
# name: <cell-element>
# type: matrix
# rows: 4
# columns: 3
 91.78879478811686 91.80367199592132 91.781798929559471
 91.964434548670184 91.869208764764224 91.943712606910594
 92.339320705447378 92.350103731885397 92.478148462637392
 92.09813110716162 92.088601753637889 92.1559726209518



# name: <cell-element>
# type: matrix
# rows: 4
# columns: 3
 96.422386244244308 96.392658011055872 96.436401913734656
 96.071102189380198 96.261509710942448 96.112543211337467
 95.321343832412154 95.299805694042064 95.043707357051744
 95.803738027600048 95.822770546006709 95.688069451638128





