# Created by Octave 5.2.0, Sun Jun 21 16:09:31 2020 IST <nalin@nalinspc>
# name: N1
# type: global scalar
0


# name: N2
# type: global scalar
0


# name: N3
# type: global scalar
4


# name: M
# type: global scalar
3


# name: beta
# type: global matrix
# rows: 4
# columns: 3
 300 300 300
 300 300 300
 300 300 300
 300 300 300


# name: delta
# type: global matrix
# rows: 4
# columns: 3
 1 1 1
 1 1 1
 1 1 1
 1 1 1


# name: c
# type: global cell
# rows: 1
# columns: 2
# name: <cell-element>
# type: matrix
# rows: 4
# columns: 3
 20 20 20
 20 20 20
 20 20 20
 20 20 20



# name: <cell-element>
# type: matrix
# rows: 4
# columns: 3
 15 15 15
 15 15 15
 15 15 15
 15 15 15





# name: A_u
# type: global matrix
# rows: 0
# columns: 0


# name: A_v
# type: global matrix
# rows: 0
# columns: 0


# name: A_s
# type: global matrix
# rows: 0
# columns: 0


# name: b
# type: global matrix
# rows: 0
# columns: 0


# name: alpha
# type: global cell
# rows: 1
# columns: 2
# name: <cell-element>
# type: scalar
0.90000000000000002



# name: <cell-element>
# type: scalar
0.90000000000000002





# name: x_min
# type: global cell
# rows: 1
# columns: 2
# name: <cell-element>
# type: matrix
# rows: 4
# columns: 3
 56 56 56
 56 56 56
 56 56 56
 56 56 56



# name: <cell-element>
# type: matrix
# rows: 4
# columns: 3
 57 57 57
 57 57 57
 57 57 57
 57 57 57





# name: x_max
# type: global cell
# rows: 1
# columns: 2
# name: <cell-element>
# type: matrix
# rows: 4
# columns: 3
 203.24802249670029 201.07767030596733 201.30006372928619
 208.38442623615265 200.70654004812241 206.67951643466949
 204.03175413608551 203.37764382362366 208.9183646440506
 209.35146629810333 206.5711772441864 202.11659789085388



# name: <cell-element>
# type: matrix
# rows: 4
# columns: 3
 209.84416365623474 201.17094278335571 200.7366532087326
 209.39494907855988 205.03303349018097 209.336758852005
 202.72983461618423 206.21550679206848 204.0716814994812
 207.42627620697021 200.81421308219433 200.99810034036636





# name: x
# type: global cell
# rows: 1
# columns: 2
# name: <cell-element>
# type: matrix
# rows: 4
# columns: 3
 91.666531821027718 91.666524518433789 91.666532805351068
 91.666538033170141 91.666548531803869 91.666530596315624
 91.666522657051118 91.666517334569789 91.666545939989803
 91.666537915651332 91.666526061147579 91.666549942798468



# name: <cell-element>
# type: matrix
# rows: 4
# columns: 3
 96.666714069453093 96.666707632295143 96.666703677584763
 96.666712104866448 96.666696873956965 96.666709271875121
 96.666715675473199 96.666722856031299 96.666709988548035
 96.666719798804365 96.666699174724684 96.666708559830354





# name: w
# type: matrix
# rows: 32
# columns: 1
 4.5181573379540456
 4.5181574057229694
 4.5181572379832398
 4.5181574044409443
 4.5181572582892642
 4.5181575202536735
 4.5181571799197142
 4.5181572751188952
 4.5181573486921343
 4.5181573245935303
 4.5181574919793013
 4.5181575356463615
 0.24999999999994235
 0.24999999999998579
 0.25000000000006706
 0.25000000000000472
 4.5712691246859425
 4.5712691043626421
 4.5712691412999353
 4.5712691839550628
 4.5712690580946838
 4.5712689468015713
 4.5712692155815304
 4.5712689706026088
 4.5712690171839032
 4.5712690750558487
 4.5712690824697031
 4.5712690676898715
 0.2500000000000453
 0.24999999999992439
 0.249999999999964
 0.25000000000006634


# name: payoffs_history
# type: cell
# rows: 1
# columns: 2
# name: <cell-element>
# type: matrix
# rows: 1
# columns: 21
 36864 215471.99999999977 113364.00022913035 125460.75116443465 105982.12118718712 106738.16863896433 102246.54045762656 102293.79331531675 101194.5099309441 101197.46325784115 100923.75972587353 100923.94478399993 100855.77237121479 100855.7836150183 100838.71782084918 100838.71852079334 100834.64846116617 100834.64849834674 100833.18664551515 100833.18664741765 100833.28569554081



# name: <cell-element>
# type: matrix
# rows: 1
# columns: 21
 37584 20015.999754920893 68402.998458043963 97168.498190602491 100192.68574774814 108896.15752524807 109085.16901520734 111355.5393393362 111367.35258304745 111940.85691752494 111941.59524820176 112085.94885918149 112085.99491188521 112121.62912740895 112121.63195971944 112130.59162158734 112130.59178730077 112132.94919009448 112132.94920190785 112133.48740478908 112133.48740483954





# name: total_iter
# type: scalar
20


# name: opti
# type: cell
# rows: 1
# columns: 2
# name: <cell-element>
# type: matrix
# rows: 29
# columns: 1
 0
 0.24999999999994235
 0.24999999999998579
 0.25000000000006706
 0.25000000000000472
 35.666531821027718
 35.666538033170141
 35.666522657051118
 35.666537915651332
 35.666524518433789
 35.666548531803869
 35.666517334569789
 35.666526061147579
 35.666532805351068
 35.666530596315624
 35.666545939989803
 35.666549942798468
 111.58149067567257
 116.71788820298251
 112.36523147903439
 117.684928382452
 109.41114578753354
 109.03999151631854
 111.71112648905387
 114.90465118303882
 109.63353092393513
 115.01298583835387
 117.2518187040608
 110.45004794805541



# name: <cell-element>
# type: matrix
# rows: 29
# columns: 1
 0
 0.2500000000000453
 0.24999999999992439
 0.249999999999964
 0.25000000000006634
 39.666714069453093
 39.666712104866448
 39.666715675473199
 39.666719798804365
 39.666707632295143
 39.666696873956965
 39.666722856031299
 39.666699174724684
 39.666703677584763
 39.666709271875121
 39.666709988548035
 39.666708559830354
 113.17744958678165
 112.72823697369343
 106.06311894071104
 110.75955640816585
 104.50423515106057
 108.366336616224
 109.54878393603718
 104.14751390746964
 104.06994953114784
 112.67004958012988
 107.40497151093317
 104.33139178053601





