# Created by Octave 5.2.0, Sun Jun 21 16:09:59 2020 IST <nalin@nalinspc>
# name: N1
# type: global scalar
0


# name: N2
# type: global scalar
0


# name: N3
# type: global scalar
4


# name: M
# type: global scalar
3


# name: beta
# type: global matrix
# rows: 4
# columns: 3
 300 300 300
 300 300 300
 300 300 300
 300 300 300


# name: delta
# type: global matrix
# rows: 4
# columns: 3
 1 1 1
 1 1 1
 1 1 1
 1 1 1


# name: c
# type: global cell
# rows: 1
# columns: 2
# name: <cell-element>
# type: matrix
# rows: 4
# columns: 3
 20 20 20
 20 20 20
 20 20 20
 20 20 20



# name: <cell-element>
# type: matrix
# rows: 4
# columns: 3
 15 15 15
 15 15 15
 15 15 15
 15 15 15





# name: A_u
# type: global matrix
# rows: 0
# columns: 0


# name: A_v
# type: global matrix
# rows: 0
# columns: 0


# name: A_s
# type: global matrix
# rows: 0
# columns: 0


# name: b
# type: global matrix
# rows: 0
# columns: 0


# name: alpha
# type: global cell
# rows: 1
# columns: 2
# name: <cell-element>
# type: scalar
0.90000000000000002



# name: <cell-element>
# type: scalar
0.90000000000000002





# name: x_min
# type: global cell
# rows: 1
# columns: 2
# name: <cell-element>
# type: matrix
# rows: 4
# columns: 3
 56 56 56
 56 56 56
 56 56 56
 56 56 56



# name: <cell-element>
# type: matrix
# rows: 4
# columns: 3
 57 57 57
 57 57 57
 57 57 57
 57 57 57





# name: x_max
# type: global cell
# rows: 1
# columns: 2
# name: <cell-element>
# type: matrix
# rows: 4
# columns: 3
 208.73873591423035 203.25655490159988 201.90867319703102
 206.51920258998871 203.89484912157059 202.22339764237404
 204.3633770942688 202.06891477108002 200.51239129155874
 203.74648749828339 201.75746947526932 206.23807847499847



# name: <cell-element>
# type: matrix
# rows: 4
# columns: 3
 201.15495085716248 203.99325430393219 201.5569144487381
 207.93326020240784 200.51396358758211 207.41195499897003
 203.66744220256805 206.233731508255 209.94383215904236
 200.52449852228165 202.41577640175819 200.59389892965555





# name: x
# type: global cell
# rows: 1
# columns: 2
# name: <cell-element>
# type: matrix
# rows: 4
# columns: 3
 91.666671266115486 91.666671928608707 91.666674553234046
 91.666680188343065 91.666664003725643 91.666668650332625
 91.666666949564004 91.666668466267595 91.66666818892017
 91.666668943715408 91.666659956398334 91.666674115198461



# name: <cell-element>
# type: matrix
# rows: 4
# columns: 3
 96.666686573040124 96.66668363398621 96.666681667318656
 96.666667849061994 96.666693990547444 96.666688880081267
 96.666690621495547 96.666683944245761 96.666689924097653
 96.666681803508013 96.666704637467092 96.666677649008165





# name: w
# type: matrix
# rows: 32
# columns: 1
 4.5181588591742656
 4.5181589565076479
 4.5181588120846143
 4.5181588338389931
 4.518158866401464
 4.5181587799481955
 4.5181588286304715
 4.5181587357955317
 4.5181588950337384
 4.5181588306384537
 4.5181588256048633
 4.5181588902551688
 0.25000000000027844
 0.25000000000003775
 0.24999999999991404
 0.24999999999976982
 4.57126884024039
 4.5712686465440857
 4.5712688821209539
 4.5712687909004117
 4.5712688098363898
 4.5712689169732057
 4.5712688130459709
 4.5712690271137166
 4.5712687894915565
 4.5712688641063277
 4.5712688749064947
 4.5712687479228329
 0.25000000000002559
 0.24999999999995734
 0.24999999999998165
 0.25000000000003536


# name: payoffs_history
# type: cell
# rows: 1
# columns: 2
# name: <cell-element>
# type: matrix
# rows: 1
# columns: 22
 36864 215471.99999999907 113364.0059822816 125460.74992261139 105982.12462821644 106738.17145469773 102246.53981810226 102293.79282894642 101194.4403995247 101197.39246864172 100924.105280301 100924.28978827619 100856.06540240099 100856.07695037383 100838.72535728916 100838.72602657403 100834.090771217 100834.0908020739 100833.18146998831 100833.18147034617 100833.31214230988 100833.31214239571



# name: <cell-element>
# type: matrix
# rows: 1
# columns: 22
 37584 20016.00114967578 68403.007233376731 97168.500423013058 100192.6879828751 108896.15398315985 109085.16556654287 111355.69700903248 111367.51188318513 111940.89080410051 111941.62884063317 112085.31290716917 112085.35901695379 112121.80444773464 112121.80740850243 112131.06157400996 112131.06175758666 112133.23545626216 112133.23546109771 112133.44310458598 112133.44310467914 112133.32973632014





# name: total_iter
# type: scalar
21


# name: opti
# type: cell
# rows: 1
# columns: 2
# name: <cell-element>
# type: matrix
# rows: 29
# columns: 1
 0
 0.25000000000027844
 0.25000000000003775
 0.24999999999991404
 0.24999999999976982
 35.666671266115486
 35.666680188343065
 35.666666949564004
 35.666668943715408
 35.666671928608707
 35.666664003725643
 35.666668466267595
 35.666659956398334
 35.666674553234046
 35.666668650332625
 35.66666818892017
 35.666674115198461
 117.07206464811486
 114.85252240164564
 112.6967101447048
 112.07981855456798
 111.58988297299118
 112.22818511784494
 110.40224630481242
 110.09080951887098
 110.24199864379698
 110.55672899204141
 108.84572310263857
 114.57140435980001



# name: <cell-element>
# type: matrix
# rows: 29
# columns: 1
 0
 0.25000000000002559
 0.24999999999995734
 0.24999999999998165
 0.25000000000003536
 39.666686573040124
 39.666667849061994
 39.666690621495547
 39.666681803508013
 39.66668363398621
 39.666693990547444
 39.666683944245761
 39.666704637467092
 39.666681667318656
 39.666688880081267
 39.666689924097653
 39.666677649008165
 104.48826428412235
 111.26659235334584
 107.00075158107251
 103.85781671877363
 107.32657066994598
 103.84726959703467
 109.56704756400924
 105.7490717642911
 104.89023278141944
 110.74526611888876
 113.27714223494471
 103.92722128064739





