# Created by Octave 5.2.0, Sun Jun 21 16:11:53 2020 IST <nalin@nalinspc>
# name: N1
# type: global scalar
0


# name: N2
# type: global scalar
0


# name: N3
# type: global scalar
4


# name: M
# type: global scalar
3


# name: beta
# type: global matrix
# rows: 4
# columns: 3
 300 300 300
 300 300 300
 300 300 300
 300 300 300


# name: delta
# type: global matrix
# rows: 4
# columns: 3
 1 1 1
 1 1 1
 1 1 1
 1 1 1


# name: c
# type: global cell
# rows: 1
# columns: 2
# name: <cell-element>
# type: matrix
# rows: 4
# columns: 3
 20 20 20
 20 20 20
 20 20 20
 20 20 20



# name: <cell-element>
# type: matrix
# rows: 4
# columns: 3
 15 15 15
 15 15 15
 15 15 15
 15 15 15





# name: A_u
# type: global cell
# rows: 1
# columns: 2
# name: <cell-element>
# type: matrix
# rows: 4
# columns: 3
 0.27426578998565676 0.27671945095062256 0.26421003937721255
 0.22946536540985107 0.20276040248572827 0.23894884586334231
 0.24922414720058442 0.21598264276981355 0.21605130434036257
 0.20795151814818383 0.20990883186459541 0.29358596205711363



# name: <cell-element>
# type: matrix
# rows: 4
# columns: 3
 0.25711323022842408 0.24968710839748384 0.2827428340911865
 0.25620222091674805 0.27809140682220457 0.22051180005073548
 0.20072480007074775 0.25847176909446717 0.25410786867141727
 0.20939047485589982 0.25385955572128299 0.28523248434066772





# name: A_v
# type: global cell
# rows: 1
# columns: 2
# name: <cell-element>
# type: cell
# rows: 1
# columns: 4
# name: <cell-element>
# type: matrix
# rows: 3
# columns: 3
 0.053013235234575115 0.056045961490828161 0.026498817587569973
 0.056045961490828161 0.065412004034195267 0.026691776991802526
 0.026498817587569973 0.026691776991802526 0.013703497369486123



# name: <cell-element>
# type: matrix
# rows: 3
# columns: 3
 0.070833038337846821 0.036186451190379769 0.030588324742786371
 0.036186451190379769 0.026267840829088153 0.0084573325197831988
 0.030588324742786371 0.0084573325197831988 0.019894146277596635



# name: <cell-element>
# type: matrix
# rows: 3
# columns: 3
 0.052393964463586885 0.035712403282094483 0.027829929574641178
 0.035712403282094483 0.037300913159217117 0.02780785211974177
 0.027829929574641178 0.02780785211974177 0.022574450796976959



# name: <cell-element>
# type: matrix
# rows: 3
# columns: 3
 0.0049695714794506726 0.014122654873982059 0.0071990204810441624
 0.014122654873982059 0.07539626525448441 0.057172117214888726
 0.0071990204810441624 0.057172117214888726 0.048992052347660749






# name: <cell-element>
# type: cell
# rows: 1
# columns: 4
# name: <cell-element>
# type: matrix
# rows: 3
# columns: 3
 0.067163655400543976 0.035664732853709115 0.045625817867838737
 0.035664732853709115 0.020951912214813802 0.023956789463394215
 0.045625817867838737 0.023956789463394215 0.031058744868352549



# name: <cell-element>
# type: matrix
# rows: 3
# columns: 3
 0.038943677832995516 0.012693156575895303 0.024304177979827878
 0.012693156575895303 0.011667128279345615 0.022981609281210853
 0.024304177979827878 0.022981609281210853 0.053017303908354879



# name: <cell-element>
# type: matrix
# rows: 3
# columns: 3
 0.0055931927294545943 0.016266218550198559 0.0076911806874619248
 0.016266218550198559 0.071663394520805501 0.048637170405999901
 0.0076911806874619248 0.048637170405999901 0.043472991222253961



# name: <cell-element>
# type: matrix
# rows: 3
# columns: 3
 0.029783011121799142 0.016044769758642125 0.033278093112486376
 0.016044769758642125 0.019439383818065502 0.02367977107165295
 0.033278093112486376 0.02367977107165295 0.04025528522875238








# name: A_s
# type: global cell
# rows: 1
# columns: 2
# name: <cell-element>
# type: cell
# rows: 1
# columns: 4
# name: <cell-element>
# type: matrix
# rows: 3
# columns: 3
 0.073397505283355716 0.18417092561721801 0.11707737445831298
 0.046347516775131228 0.16536605358123779 0.18952039480209351
 0.054740673303604125 0.092169517278671259 0.047029098868370055



# name: <cell-element>
# type: matrix
# rows: 3
# columns: 3
 0.19329481124877929 0.14119517803192139 0.11633604764938354
 0.12381097078323364 0.00061809225007891655 0.10458633899688721
 0.065961384773254389 0.12465581893920899 0.002041764184832573



# name: <cell-element>
# type: matrix
# rows: 3
# columns: 3
 0.0032271936535835264 0.19717470407485962 0.11621396541595459
 0.10869393348693848 0.11269391775131225 0.11307795047760009
 0.089175778627395633 0.10970097780227661 0.050870686769485474



# name: <cell-element>
# type: matrix
# rows: 3
# columns: 3
 0.016848921775817871 0.0028132492676377296 0.068394231796264651
 0.17857164144515991 0.13751047849655151 0.15684164762496949
 0.17293171882629393 0.12562534809112549 0.05748865008354187






# name: <cell-element>
# type: cell
# rows: 1
# columns: 4
# name: <cell-element>
# type: matrix
# rows: 3
# columns: 3
 0.13868196010589601 0.19639705419540404 0.096742784976959234
 0.03573842942714691 0.12609083652496339 0.06144735813140869
 0.099371773004531858 0.13276876211166383 0.059635990858078004



# name: <cell-element>
# type: matrix
# rows: 3
# columns: 3
 0.072781658172607427 0.04227191507816315 0.17849255800247193
 0.020344683527946474 0.098452425003051763 0.039501166343688963
 0.12031404972076416 0.19184747934341431 0.041669869422912599



# name: <cell-element>
# type: matrix
# rows: 3
# columns: 3
 0.022642180323600769 0.046448481082916257 0.054065358638763425
 0.18700730800628662 0.17867542505264283 0.069041681289672849
 0.19916094541549684 0.061406564712524411 0.0060944937169551848



# name: <cell-element>
# type: matrix
# rows: 3
# columns: 3
 0.14037176370620727 0.029724630713462829 0.095891737937927241
 0.021349078416824339 0.082166326045989987 0.1105997085571289
 0.12724344730377196 0.066452354192733765 0.14017301797866821








# name: b
# type: global cell
# rows: 1
# columns: 2
# name: <cell-element>
# type: matrix
# rows: 4
# columns: 1
 151.46857425570488
 154.29755240678787
 161.6391932964325
 182.16403484344482



# name: <cell-element>
# type: matrix
# rows: 4
# columns: 1
 188.28962087631226
 187.93368577957153
 160.33571124076843
 176.14590644836426





# name: alpha
# type: global cell
# rows: 1
# columns: 2
# name: <cell-element>
# type: scalar
0.90000000000000002



# name: <cell-element>
# type: scalar
0.90000000000000002





# name: x_min
# type: global cell
# rows: 1
# columns: 2
# name: <cell-element>
# type: matrix
# rows: 4
# columns: 3
 56 56 56
 56 56 56
 56 56 56
 56 56 56



# name: <cell-element>
# type: matrix
# rows: 4
# columns: 3
 57 57 57
 57 57 57
 57 57 57
 57 57 57





# name: x_max
# type: global cell
# rows: 1
# columns: 2
# name: <cell-element>
# type: matrix
# rows: 4
# columns: 3
 209.97659504413605 209.88510310649872 203.90933245420456
 207.48591542243958 202.7844762802124 203.05364549160004
 201.82093590497971 208.769171833992 204.95818853378296
 206.71799600124359 208.6625611782074 204.64005678892136



# name: <cell-element>
# type: matrix
# rows: 4
# columns: 3
 204.43891793489456 205.68886935710907 208.6015772819519
 209.13954496383667 208.49349737167358 208.83545279502869
 209.81245577335358 209.42734122276306 204.92400348186493
 203.43813478946686 206.80378913879395 203.69277626276016





# name: x
# type: global cell
# rows: 1
# columns: 2
# name: <cell-element>
# type: matrix
# rows: 4
# columns: 3
 87.363289703007396 84.644232389540832 85.44445528178646
 87.90545391797238 88.840438688018764 88.869711505403899
 89.774408519691633 88.835320405146291 89.466996545894432
 89.431157861745163 89.839011960716221 89.692759033349077



# name: <cell-element>
# type: matrix
# rows: 4
# columns: 3
 98.818358177417352 100.17789137886636 99.777764998863262
 98.547294369563673 98.079697434040114 98.065201079604037
 97.612805436293797 98.082333645266189 97.766506088897742
 97.78436857220521 97.580520625963018 97.653644536949315





