# Created by Octave 5.2.0, Sun Jun 21 16:11:53 2020 IST <nalin@nalinspc>
# name: N1
# type: global scalar
0


# name: N2
# type: global scalar
0


# name: N3
# type: global scalar
4


# name: M
# type: global scalar
3


# name: beta
# type: global matrix
# rows: 4
# columns: 3
 300 300 300
 300 300 300
 300 300 300
 300 300 300


# name: delta
# type: global matrix
# rows: 4
# columns: 3
 1 1 1
 1 1 1
 1 1 1
 1 1 1


# name: c
# type: global cell
# rows: 1
# columns: 2
# name: <cell-element>
# type: matrix
# rows: 4
# columns: 3
 20 20 20
 20 20 20
 20 20 20
 20 20 20



# name: <cell-element>
# type: matrix
# rows: 4
# columns: 3
 15 15 15
 15 15 15
 15 15 15
 15 15 15





# name: A_u
# type: global cell
# rows: 1
# columns: 2
# name: <cell-element>
# type: matrix
# rows: 4
# columns: 3
 0.27426578998565676 0.27671945095062256 0.26421003937721255
 0.22946536540985107 0.20276040248572827 0.23894884586334231
 0.24922414720058442 0.21598264276981355 0.21605130434036257
 0.20795151814818383 0.20990883186459541 0.29358596205711363



# name: <cell-element>
# type: matrix
# rows: 4
# columns: 3
 0.25711323022842408 0.24968710839748384 0.2827428340911865
 0.25620222091674805 0.27809140682220457 0.22051180005073548
 0.20072480007074775 0.25847176909446717 0.25410786867141727
 0.20939047485589982 0.25385955572128299 0.28523248434066772





# name: A_v
# type: global cell
# rows: 1
# columns: 2
# name: <cell-element>
# type: cell
# rows: 1
# columns: 4
# name: <cell-element>
# type: matrix
# rows: 3
# columns: 3
 0.053013235234575115 0.056045961490828161 0.026498817587569973
 0.056045961490828161 0.065412004034195267 0.026691776991802526
 0.026498817587569973 0.026691776991802526 0.013703497369486123



# name: <cell-element>
# type: matrix
# rows: 3
# columns: 3
 0.070833038337846821 0.036186451190379769 0.030588324742786371
 0.036186451190379769 0.026267840829088153 0.0084573325197831988
 0.030588324742786371 0.0084573325197831988 0.019894146277596635



# name: <cell-element>
# type: matrix
# rows: 3
# columns: 3
 0.052393964463586885 0.035712403282094483 0.027829929574641178
 0.035712403282094483 0.037300913159217117 0.02780785211974177
 0.027829929574641178 0.02780785211974177 0.022574450796976959



# name: <cell-element>
# type: matrix
# rows: 3
# columns: 3
 0.0049695714794506726 0.014122654873982059 0.0071990204810441624
 0.014122654873982059 0.07539626525448441 0.057172117214888726
 0.0071990204810441624 0.057172117214888726 0.048992052347660749






# name: <cell-element>
# type: cell
# rows: 1
# columns: 4
# name: <cell-element>
# type: matrix
# rows: 3
# columns: 3
 0.067163655400543976 0.035664732853709115 0.045625817867838737
 0.035664732853709115 0.020951912214813802 0.023956789463394215
 0.045625817867838737 0.023956789463394215 0.031058744868352549



# name: <cell-element>
# type: matrix
# rows: 3
# columns: 3
 0.038943677832995516 0.012693156575895303 0.024304177979827878
 0.012693156575895303 0.011667128279345615 0.022981609281210853
 0.024304177979827878 0.022981609281210853 0.053017303908354879



# name: <cell-element>
# type: matrix
# rows: 3
# columns: 3
 0.0055931927294545943 0.016266218550198559 0.0076911806874619248
 0.016266218550198559 0.071663394520805501 0.048637170405999901
 0.0076911806874619248 0.048637170405999901 0.043472991222253961



# name: <cell-element>
# type: matrix
# rows: 3
# columns: 3
 0.029783011121799142 0.016044769758642125 0.033278093112486376
 0.016044769758642125 0.019439383818065502 0.02367977107165295
 0.033278093112486376 0.02367977107165295 0.04025528522875238








# name: A_s
# type: global cell
# rows: 1
# columns: 2
# name: <cell-element>
# type: cell
# rows: 1
# columns: 4
# name: <cell-element>
# type: matrix
# rows: 3
# columns: 3
 0.073397505283355716 0.18417092561721801 0.11707737445831298
 0.046347516775131228 0.16536605358123779 0.18952039480209351
 0.054740673303604125 0.092169517278671259 0.047029098868370055



# name: <cell-element>
# type: matrix
# rows: 3
# columns: 3
 0.19329481124877929 0.14119517803192139 0.11633604764938354
 0.12381097078323364 0.00061809225007891655 0.10458633899688721
 0.065961384773254389 0.12465581893920899 0.002041764184832573



# name: <cell-element>
# type: matrix
# rows: 3
# columns: 3
 0.0032271936535835264 0.19717470407485962 0.11621396541595459
 0.10869393348693848 0.11269391775131225 0.11307795047760009
 0.089175778627395633 0.10970097780227661 0.050870686769485474



# name: <cell-element>
# type: matrix
# rows: 3
# columns: 3
 0.016848921775817871 0.0028132492676377296 0.068394231796264651
 0.17857164144515991 0.13751047849655151 0.15684164762496949
 0.17293171882629393 0.12562534809112549 0.05748865008354187






# name: <cell-element>
# type: cell
# rows: 1
# columns: 4
# name: <cell-element>
# type: matrix
# rows: 3
# columns: 3
 0.13868196010589601 0.19639705419540404 0.096742784976959234
 0.03573842942714691 0.12609083652496339 0.06144735813140869
 0.099371773004531858 0.13276876211166383 0.059635990858078004



# name: <cell-element>
# type: matrix
# rows: 3
# columns: 3
 0.072781658172607427 0.04227191507816315 0.17849255800247193
 0.020344683527946474 0.098452425003051763 0.039501166343688963
 0.12031404972076416 0.19184747934341431 0.041669869422912599



# name: <cell-element>
# type: matrix
# rows: 3
# columns: 3
 0.022642180323600769 0.046448481082916257 0.054065358638763425
 0.18700730800628662 0.17867542505264283 0.069041681289672849
 0.19916094541549684 0.061406564712524411 0.0060944937169551848



# name: <cell-element>
# type: matrix
# rows: 3
# columns: 3
 0.14037176370620727 0.029724630713462829 0.095891737937927241
 0.021349078416824339 0.082166326045989987 0.1105997085571289
 0.12724344730377196 0.066452354192733765 0.14017301797866821








# name: b
# type: global cell
# rows: 1
# columns: 2
# name: <cell-element>
# type: matrix
# rows: 4
# columns: 1
 151.46857425570488
 154.29755240678787
 161.6391932964325
 182.16403484344482



# name: <cell-element>
# type: matrix
# rows: 4
# columns: 1
 188.28962087631226
 187.93368577957153
 160.33571124076843
 176.14590644836426





# name: alpha
# type: global cell
# rows: 1
# columns: 2
# name: <cell-element>
# type: scalar
0.90000000000000002



# name: <cell-element>
# type: scalar
0.90000000000000002





# name: x_min
# type: global cell
# rows: 1
# columns: 2
# name: <cell-element>
# type: matrix
# rows: 4
# columns: 3
 56 56 56
 56 56 56
 56 56 56
 56 56 56



# name: <cell-element>
# type: matrix
# rows: 4
# columns: 3
 57 57 57
 57 57 57
 57 57 57
 57 57 57





# name: x_max
# type: global cell
# rows: 1
# columns: 2
# name: <cell-element>
# type: matrix
# rows: 4
# columns: 3
 209.97659504413605 209.88510310649872 203.90933245420456
 207.48591542243958 202.7844762802124 203.05364549160004
 201.82093590497971 208.769171833992 204.95818853378296
 206.71799600124359 208.6625611782074 204.64005678892136



# name: <cell-element>
# type: matrix
# rows: 4
# columns: 3
 204.43891793489456 205.68886935710907 208.6015772819519
 209.13954496383667 208.49349737167358 208.83545279502869
 209.81245577335358 209.42734122276306 204.92400348186493
 203.43813478946686 206.80378913879395 203.69277626276016





# name: x
# type: global cell
# rows: 1
# columns: 2
# name: <cell-element>
# type: matrix
# rows: 4
# columns: 3
 87.363289703007396 84.644232389540832 85.44445528178646
 87.90545391797238 88.840438688018764 88.869711505403899
 89.774408519691633 88.835320405146291 89.466996545894432
 89.431157861745163 89.839011960716221 89.692759033349077



# name: <cell-element>
# type: matrix
# rows: 4
# columns: 3
 98.818358177417352 100.17789137886636 99.777764998863262
 98.547294369563673 98.079697434040114 98.065201079604037
 97.612805436293797 98.082333645266189 97.766506088897742
 97.78436857220521 97.580520625963018 97.653644536949315





# name: w
# type: matrix
# rows: 32
# columns: 1
 4.4700751681443629
 4.4762618496146827
 4.4972999516158296
 4.4934691434032619
 4.4384569714621263
 4.486841936970122
 4.4867843232258497
 4.4980193126038639
 4.4478665190043687
 4.4871713814910796
 4.4938698035972964
 4.4963900415404749
 0.49258753145388751
 0.22772531664377096
 0.14910104174468902
 0.13058611015765256
 4.5932833990053226
 4.5905365788287877
 4.5810086880533696
 4.5827647337164592
 4.6069475193835991
 4.5857803872936662
 4.5858072651885546
 4.5806778897491807
 4.6029453628922186
 4.5856325745840589
 4.582582044854667
 4.5814269790732203
 0.29375920356076002
 0.10829581978098535
 0.43517704295343357
 0.16276793370482096


# name: payoffs_history
# type: cell
# rows: 1
# columns: 2
# name: <cell-element>
# type: matrix
# rows: 1
# columns: 31
 36864 192146.47358547669 99893.641476532066 100431.23589864047 99295.954551008064 99326.058246582194 99016.517341206752 99018.24399972237 98944.645253629191 98944.745630680583 98927.548281425523 98927.553942187878 98924.411312325596 98924.41196337108 98923.659718182666 98923.660030626212 98923.144547074102 98923.144636184559 98923.058596906485 98923.058564432693 98922.340529231384 98922.340557188902 98922.337545174203 98922.337566173577 98922.34041790785 98922.340432844052 98922.330443681873 98922.330454564813 98922.329805444038 98922.329813357966 98922.326279328947



# name: <cell-element>
# type: matrix
# rows: 1
# columns: 31
 37584 26213.470926219066 113226.8028477591 115073.31661515711 115200.45985607564 115822.63649226175 115829.83231448793 115983.29907586446 115983.7147706426 116019.88481748122 116019.909124197 116026.53195454349 116026.53284552193 116027.91730873317 116027.9173505447 116028.99575643845 116028.99577186562 116029.34847118359 116029.3484724981 116030.89608174538 116030.89616305902 116030.90407802653 116030.90407875885 116030.91104968553 116030.91104990474 116030.91688797054 116030.91688819166 116030.92327408867 116030.92327423683 116030.9280310914 116030.92803120587





# name: total_iter
# type: scalar
30


# name: opti
# type: cell
# rows: 1
# columns: 2
# name: <cell-element>
# type: matrix
# rows: 33
# columns: 1
 -2.2204460492503131e-16
 0.49258753145388751
 0.22772531664377096
 0.14910104174468902
 0.13058611015765256
 31.363289703007396
 31.90545391797238
 33.774408519691633
 33.431157861745163
 28.644232389540832
 32.840438688018764
 32.835320405146291
 33.839011960716221
 29.44445528178646
 32.869711505403899
 33.466996545894432
 33.692759033349077
 122.61330534112865
 119.58046150446719
 112.04652738528807
 117.28683813949843
 125.24087071695789
 113.94403759219364
 119.93385142884571
 118.82354921749118
 118.4648771724181
 114.18393398619614
 115.49119198788853
 114.94729775557228
 -2.08921292710329e-07
 -8.8955623311903764e-07
 -1.482165004063063e-07
 -6.3614197642891668e-07



# name: <cell-element>
# type: matrix
# rows: 33
# columns: 1
 2.2204460492503131e-16
 0.29375920356076002
 0.10829581978098535
 0.43517704295343357
 0.16276793370482096
 41.818358177417352
 41.547294369563673
 40.612805436293797
 40.78436857220521
 43.177891378866363
 41.079697434040114
 41.082333645266189
 40.580520625963018
 42.777764998863262
 41.065201079604037
 40.766506088897742
 40.653644536949315
 105.62055975747721
 110.592250594273
 112.19965033705978
 105.65376621726165
 105.51097797824271
 110.41379993763347
 111.34500757749687
 109.22326851283093
 108.82381228308864
 110.77025171542465
 107.15749739296719
 106.03913172581085
 3.7591013919942355
 4.977637805013515
 3.450803564662948
 4.1444777193631239





