# Created by Octave 5.2.0, Sun Jun 21 16:10:48 2020 IST <nalin@nalinspc>
# name: N1
# type: global scalar
0


# name: N2
# type: global scalar
0


# name: N3
# type: global scalar
4


# name: M
# type: global scalar
3


# name: beta
# type: global matrix
# rows: 4
# columns: 3
 300 300 300
 300 300 300
 300 300 300
 300 300 300


# name: delta
# type: global matrix
# rows: 4
# columns: 3
 1 1 1
 1 1 1
 1 1 1
 1 1 1


# name: c
# type: global cell
# rows: 1
# columns: 2
# name: <cell-element>
# type: matrix
# rows: 4
# columns: 3
 20 20 20
 20 20 20
 20 20 20
 20 20 20



# name: <cell-element>
# type: matrix
# rows: 4
# columns: 3
 15 15 15
 15 15 15
 15 15 15
 15 15 15





# name: A_u
# type: global matrix
# rows: 0
# columns: 0


# name: A_v
# type: global matrix
# rows: 0
# columns: 0


# name: A_s
# type: global matrix
# rows: 0
# columns: 0


# name: b
# type: global matrix
# rows: 0
# columns: 0


# name: alpha
# type: global cell
# rows: 1
# columns: 2
# name: <cell-element>
# type: scalar
0.90000000000000002



# name: <cell-element>
# type: scalar
0.90000000000000002





# name: x_min
# type: global cell
# rows: 1
# columns: 2
# name: <cell-element>
# type: matrix
# rows: 4
# columns: 3
 56 56 56
 56 56 56
 56 56 56
 56 56 56



# name: <cell-element>
# type: matrix
# rows: 4
# columns: 3
 57 57 57
 57 57 57
 57 57 57
 57 57 57





# name: x_max
# type: global cell
# rows: 1
# columns: 2
# name: <cell-element>
# type: matrix
# rows: 4
# columns: 3
 206.64766430854797 208.40562582015991 209.08251464366913
 206.63151621818542 209.8851066827774 200.17663175240159
 204.63972926139832 207.6449728012085 203.50741297006607
 209.07567083835602 202.74604618549347 209.67264592647552



# name: <cell-element>
# type: matrix
# rows: 4
# columns: 3
 200.5806066468358 204.67851340770721 200.57379905134439
 206.71518564224243 205.08140563964844 202.47461870312691
 207.78211414813995 204.58225250244141 209.83729183673859
 204.77301567792892 200.41707947850227 205.2570641040802





# name: x
# type: global cell
# rows: 1
# columns: 2
# name: <cell-element>
# type: matrix
# rows: 4
# columns: 3
 91.666521626612337 91.666536346047835 91.666524434869558
 91.666538702261107 91.666537741282326 91.666525583560542
 91.666505049945229 91.666542989766668 91.66654192594595
 91.666516927823139 91.666518879988274 91.666536860571512



# name: <cell-element>
# type: matrix
# rows: 4
# columns: 3
 96.666710362474717 96.666716090722502 96.666713862856938
 96.666708295183 96.666714650484664 96.666718530001589
 96.666726470443535 96.666708166433907 96.666712896927834
 96.666722373454746 96.666714017975295 96.666711590898458





# name: w
# type: matrix
# rows: 32
# columns: 1
 4.5181572267420718
 4.5181574130221538
 4.5181570459054008
 4.5181571754824708
 4.5181573873179728
 4.5181574025387343
 4.518157459795006
 4.5181571967788523
 4.5181572573776529
 4.5181572699088468
 4.5181574481896734
 4.5181573929309664
 0.25000000000000072
 0.24999999999994515
 0.2499999999999333
 0.25000000000012085
 4.5712690863379084
 4.5712690649521415
 4.5712692529719794
 4.571269210589362
 4.5712691455956156
 4.5712691306966109
 4.5712690636202549
 4.5712691241534138
 4.5712691225487418
 4.5712691708295239
 4.5712691125563767
 4.5712690990457343
 0.2500000000000015
 0.25000000000004241
 0.2499999999999884
 0.24999999999996786


# name: payoffs_history
# type: cell
# rows: 1
# columns: 2
# name: <cell-element>
# type: matrix
# rows: 1
# columns: 21
 36864 215471.99999999985 113364.00652074996 125460.75646632526 105982.12628654712 106738.17353369342 102246.55092669933 102293.80448555591 101194.51156284835 101197.46494186556 100923.84919368153 100924.03413546621 100856.03935632699 100856.05086912616 100838.73518902002 100838.73595487158 100834.7141845946 100834.71422008332 100833.18076639596 100833.18076849839 100833.28041329724



# name: <cell-element>
# type: matrix
# rows: 1
# columns: 21
 37584 20015.999630842922 68402.997677386476 97168.495556485504 100192.68455223838 108896.13544699328 109085.14640797366 111355.53321775651 111367.34664039062 111940.85597888559 111941.59431726325 112085.38527183955 112085.43108375274 112121.21316860733 112121.21602364568 112130.59308676027 112130.5932537387 112132.92685698398 112132.92686990934 112133.49311668974 112133.49311674674





# name: total_iter
# type: scalar
20


# name: opti
# type: cell
# rows: 1
# columns: 2
# name: <cell-element>
# type: matrix
# rows: 29
# columns: 1
 0
 0.25000000000000072
 0.24999999999994515
 0.2499999999999333
 0.25000000000012085
 35.666521626612337
 35.666538702261107
 35.666505049945229
 35.666516927823139
 35.666536346047835
 35.666537741282326
 35.666542989766668
 35.666518879988274
 35.666524434869558
 35.666525583560542
 35.66654192594595
 35.666536860571512
 114.98114268193564
 114.96497751592432
 112.97322421145309
 117.40915391053288
 116.73908947411208
 118.21856894149508
 115.97842981144183
 111.0795273055052
 117.41599020879957
 108.51010616884105
 111.84087104412012
 118.00610906590401



# name: <cell-element>
# type: matrix
# rows: 29
# columns: 1
 -2.2204460492503131e-16
 0.2500000000000015
 0.25000000000004241
 0.2499999999999884
 0.24999999999996786
 39.666710362474717
 39.666708295183
 39.666726470443535
 39.666722373454746
 39.666716090722502
 39.666714650484664
 39.666708166433907
 39.666714017975295
 39.666713862856938
 39.666718530001589
 39.666712896927834
 39.666711590898458
 103.91389628436109
 110.04847734705943
 111.11538767769642
 108.10629330447418
 108.01179731698471
 108.41469098916377
 107.9155443360075
 103.75036546052698
 103.90708518848746
 105.80790017312532
 113.17057893981075
 108.59035251318174





