# Created by Octave 5.2.0, Sun Jun 21 16:16:57 2020 IST <nalin@nalinspc>
# name: N1
# type: global scalar
0


# name: N2
# type: global scalar
0


# name: N3
# type: global scalar
4


# name: M
# type: global scalar
3


# name: beta
# type: global matrix
# rows: 4
# columns: 3
 300 300 300
 300 300 300
 300 300 300
 300 300 300


# name: delta
# type: global matrix
# rows: 4
# columns: 3
 1 1 1
 1 1 1
 1 1 1
 1 1 1


# name: c
# type: global cell
# rows: 1
# columns: 2
# name: <cell-element>
# type: matrix
# rows: 4
# columns: 3
 20 20 20
 20 20 20
 20 20 20
 20 20 20



# name: <cell-element>
# type: matrix
# rows: 4
# columns: 3
 15 15 15
 15 15 15
 15 15 15
 15 15 15





# name: A_u
# type: global cell
# rows: 1
# columns: 2
# name: <cell-element>
# type: matrix
# rows: 4
# columns: 3
 0.23424100577831269 0.23737314343452454 0.26553755402565005
 0.24084092676639557 0.22264636456966402 0.25818117856979372
 0.24363759458065035 0.2156323254108429 0.21833823025226595
 0.27992784380912783 0.25476288199424746 0.25315943360328674



# name: <cell-element>
# type: matrix
# rows: 4
# columns: 3
 0.29140939712524416 0.27020953893661503 0.27090845108032224
 0.23597035109996797 0.27666645050048833 0.25560227036476135
 0.22541307210922243 0.27424661517143251 0.25528215765953066
 0.22467653751373293 0.26410697698593144 0.26949458718299868





# name: A_v
# type: global cell
# rows: 1
# columns: 2
# name: <cell-element>
# type: cell
# rows: 1
# columns: 4
# name: <cell-element>
# type: matrix
# rows: 3
# columns: 3
 0.054698141788736061 0.058914534273753746 0.020283595615903743
 0.058914534273753746 0.063554291467421253 0.02159705803538783
 0.020283595615903743 0.02159705803538783 0.0116191855806275



# name: <cell-element>
# type: matrix
# rows: 3
# columns: 3
 0.010705336991946869 0.02166717015368648 0.0085756985457904489
 0.02166717015368648 0.079871220258812353 0.049210999491781142
 0.0085756985457904489 0.049210999491781142 0.03662073303335589



# name: <cell-element>
# type: matrix
# rows: 3
# columns: 3
 0.010070365269553476 0.017672130677979042 0.016226510660478512
 0.017672130677979042 0.069607118973061266 0.050738559555741462
 0.016226510660478512 0.050738559555741462 0.047248225799048818



# name: <cell-element>
# type: matrix
# rows: 3
# columns: 3
 0.031531286956539867 0.010582347821056395 0.015477826158621298
 0.010582347821056395 0.016069197036846828 0.020180330743326248
 0.015477826158621298 0.020180330743326248 0.028686979808815575






# name: <cell-element>
# type: cell
# rows: 1
# columns: 4
# name: <cell-element>
# type: matrix
# rows: 3
# columns: 3
 0.049469962881247116 0.049364447285499789 0.027426020365904545
 0.049364447285499789 0.053514702247975519 0.029727220193703656
 0.027426020365904545 0.029727220193703656 0.024028393820563432



# name: <cell-element>
# type: matrix
# rows: 3
# columns: 3
 0.045928283469529839 0.0471487082840703 0.047676073433710185
 0.0471487082840703 0.048961209987200084 0.047730568764131079
 0.047676073433710185 0.047730568764131079 0.052551120334368345



# name: <cell-element>
# type: matrix
# rows: 3
# columns: 3
 0.06376796525942921 0.061405318863871225 0.055615566497325804
 0.061405318863871225 0.063347229495922475 0.052713881832339098
 0.055615566497325804 0.052713881832339098 0.049298959855416491



# name: <cell-element>
# type: matrix
# rows: 3
# columns: 3
 0.02466372361049295 0.010826170925093916 0.040318599004384198
 0.010826170925093916 0.01622824662818529 0.027780023634098514
 0.040318599004384198 0.027780023634098514 0.081002194845475939








# name: A_s
# type: global cell
# rows: 1
# columns: 2
# name: <cell-element>
# type: cell
# rows: 1
# columns: 4
# name: <cell-element>
# type: matrix
# rows: 3
# columns: 3
 0.15327359437942506 0.1728326678276062 0.036526921391487124
 0.16386352777481078 0.18921841382980348 0.029990458488464357
 0.016113643348217011 0.091528594493865967 0.054608172178268431



# name: <cell-element>
# type: matrix
# rows: 3
# columns: 3
 0.00094380592927336695 0.018928183615207671 0.10171612501144409
 0.17646194696426393 0.11123912334442139 0.19067841768264771
 0.13953548669815063 0.11562174558639526 0.061499536037445068



# name: <cell-element>
# type: matrix
# rows: 3
# columns: 3
 0.059205442667007446 0.080447971820831299 0.009654255956411362
 0.17517340183258057 0.068553078174591067 0.18499155044555665
 0.070958030223846433 0.13042969703674318 0.15874910354614258



# name: <cell-element>
# type: matrix
# rows: 3
# columns: 3
 0.0053893584758043286 0.16551065444946289 0.064097309112548823
 0.065956401824951175 0.020635011792182922 0.10626921653747559
 0.033497986197471616 0.029124701023101808 0.16345218420028687






# name: <cell-element>
# type: cell
# rows: 1
# columns: 4
# name: <cell-element>
# type: matrix
# rows: 3
# columns: 3
 0.070488983392715449 0.17878727912902831 0.11196595430374146
 0.12764199972152709 0.14912033081054688 0.12241466045379638
 0.039846134185791013 0.049047520756721495 0.14154511690139771



# name: <cell-element>
# type: matrix
# rows: 3
# columns: 3
 0.1194766640663147 0.11994333267211914 0.13140474557876586
 0.13368797302246094 0.10368127822875976 0.14261461496353151
 0.085803025960922236 0.16446993350982667 0.13467962741851808



# name: <cell-element>
# type: matrix
# rows: 3
# columns: 3
 0.17563416957855224 0.050727570056915285 0.1742048144340515
 0.13763084411621093 0.10337277650833129 0.1836274743080139
 0.17272342443466188 0.045991253852844236 0.13172085285186769



# name: <cell-element>
# type: matrix
# rows: 3
# columns: 3
 0.12797077894210815 0.06620935201644898 0.062478196620941159
 0.00052466224879026417 0.11858361959457397 0.046539193391799925
 0.13999868631362916 0.15908399820327759 0.18998643159866332








# name: b
# type: global cell
# rows: 1
# columns: 2
# name: <cell-element>
# type: matrix
# rows: 4
# columns: 1
 176.91259622573853
 162.42090225219727
 157.02943027019501
 161.69553756713867



# name: <cell-element>
# type: matrix
# rows: 4
# columns: 1
 185.69942474365234
 187.6392126083374
 177.60550975799561
 158.78982722759247





# name: alpha
# type: global cell
# rows: 1
# columns: 2
# name: <cell-element>
# type: scalar
0.90000000000000002



# name: <cell-element>
# type: scalar
0.90000000000000002





# name: x_min
# type: global cell
# rows: 1
# columns: 2
# name: <cell-element>
# type: matrix
# rows: 4
# columns: 3
 56 56 56
 56 56 56
 56 56 56
 56 56 56



# name: <cell-element>
# type: matrix
# rows: 4
# columns: 3
 57 57 57
 57 57 57
 57 57 57
 57 57 57





# name: x_max
# type: global cell
# rows: 1
# columns: 2
# name: <cell-element>
# type: matrix
# rows: 4
# columns: 3
 207.75730788707733 208.89878511428833 200.69145411252975
 200.24964988231659 207.51822948455811 201.13563627004623
 203.70013147592545 204.68637317419052 207.32433795928955
 204.95644629001617 201.38488471508026 207.99511611461639



# name: <cell-element>
# type: matrix
# rows: 4
# columns: 3
 208.53337705135345 208.34863185882568 209.91639137268066
 200.85663944482803 209.55210268497467 201.2615630030632
 201.79222792387009 206.19728207588196 208.1995290517807
 204.3280553817749 209.21264886856079 201.40230178833008





# name: x
# type: global cell
# rows: 1
# columns: 2
# name: <cell-element>
# type: matrix
# rows: 4
# columns: 3
 92.443868481198919 92.883905417051821 94.093108117821728
 91.265600761025823 92.678002914005376 91.853900695888868
 93.374960315563612 92.116113971631066 93.283062397330781
 95.501609334614685 95.822642077351361 95.553112005424609



# name: <cell-element>
# type: matrix
# rows: 4
# columns: 3
 91.45694303126497 89.975717221162469 89.748060117270938
 91.365904548920369 89.791326009859318 90.187843997115252
 87.306087743396262 90.777575484463426 86.864710107486957
 87.338145846986123 86.093290989568857 86.060063914701402





# name: w
# type: matrix
# rows: 32
# columns: 1
 4.526601633093934
 4.5137739450934857
 4.5366232184522337
 4.5591430990160546
 4.5313503844928515
 4.5291311511447567
 4.523049889647055
 4.562499004413926
 4.5442848039285151
 4.5201992788692307
 4.5356385522233484
 4.5596822395481098
 0.16596936440344567
 0.36002273650007333
 0.39226881998957963
 0.08173907910690148
 4.5158682935653083
 4.5148723732952289
 4.4694201940156137
 4.4697873186929176
 4.4995398252716114
 4.4974883783249906
 4.5084122890759772
 4.4554314872544563
 4.4970064128425502
 4.5018946507706437
 4.4643518520639107
 4.4550454700862341
 0.17583679814996872
 0.22188945588336981
 0.30599014494624333
 0.29628360102041845


# name: payoffs_history
# type: cell
# rows: 1
# columns: 2
# name: <cell-element>
# type: matrix
# rows: 1
# columns: 64
 36864 196844.78756525688 109375.34454085852 109868.60372730505 109537.03408119448 109559.62936163053 109505.09858879412 109506.25802478573 109493.64266204656 109493.70845195997 109491.4585743385 109491.46059417745 109491.07752684288 109491.07771860686 109490.9993505645 109490.99948011403 109490.92289964875 109490.92298373995 109490.84848986141 109490.84854024336 109490.77489851462 109490.77493093561 109490.70216025104 109490.70218160233 109490.62988807233 109490.62990235488 109490.55984703904 109490.55985768628 109490.49058758427 109490.490592114 109490.42156079019 109490.42157223032 109490.35328518572 109490.35328965852 109490.28572525215 109490.28573660835 109490.21840261162 109490.21840694097 109490.18999797778 109490.1900018493 109490.16049853576 109490.16050207219 109490.13205438976 109490.13205764897 109490.10471743818 109490.10472044894 109490.07852902226 109490.07853180045 109490.05381406313 109490.05381661309 109490.0305408741 109490.03054320432 109490.00825608945 109490.00825820889 109489.98725851646 109489.98726044144 109489.967582632 109489.9675843822 109489.94869916764 109489.94870075151 109489.93071271174 109489.93071414228 109489.91369111078 109489.91369240874



# name: <cell-element>
# type: matrix
# rows: 1
# columns: 64
 37584 25553.507130407841 107431.10936280953 108939.63334257815 109044.45002767719 109435.74257738926 109440.77639439637 109519.03536149414 109519.30909488547 109535.34305939579 109535.35804280061 109537.3028258187 109537.30415108497 109537.5860569801 109537.58626575902 109537.86190664422 109537.86211234651 109538.10194651449 109538.10214596774 109538.27694029806 109538.27713243684 109538.43302336297 109538.43320617663 109538.57406704871 109538.5742397682 109538.69262673482 109538.6927874149 109538.79937189343 109538.79952074753 109538.84411497368 109538.84424897871 109538.95418440065 109538.95430734295 109538.9977814475 109538.99789012503 109539.10616637519 109539.10626455408 109539.14847031442 109539.14850978518 109539.18803357307 109539.18807050752 109539.22548721025 109539.22552133256 109539.26127585028 109539.26130673317 109539.29548138296 109539.29550925546 109539.32807465555 109539.32809963595 109539.3590164574 109539.35903859435 109539.38833320927 109539.38835287849 109539.41619803137 109539.41621558566 109539.44244592573 109539.44246158416 109539.46739120394 109539.46740512141 109539.49092648539 109539.4909388822 109539.51318181693 109539.51319288851 109539.53429274516





# name: total_iter
# type: scalar
63


# name: opti
# type: cell
# rows: 1
# columns: 2
# name: <cell-element>
# type: matrix
# rows: 33
# columns: 1
 0
 0.16596936440344567
 0.36002273650007333
 0.39226881998957963
 0.08173907910690148
 36.443868481198919
 35.265600761025823
 37.374960315563612
 39.501609334614685
 36.883905417051821
 36.678002914005376
 36.116113971631066
 39.822642077351361
 38.093108117821728
 35.853900695888868
 37.283062397330781
 39.553112005424609
 115.31343940587841
 108.98404912129077
 110.32517116036183
 109.45483695540149
 116.01487969723651
 114.84022657055273
 112.57025920255946
 105.5622426377289
 106.59834599470803
 109.28173557415737
 114.04127556195877
 112.44200410919179
 -6.3307078335128608e-07
 -2.3298453299958055e-07
 -3.2484503265095555e-07
 -5.6137473336548283e-07



# name: <cell-element>
# type: matrix
# rows: 33
# columns: 1
 -2.2204460492503131e-16
 0.17583679814996872
 0.22188945588336981
 0.30599014494624333
 0.29628360102041845
 34.45694303126497
 34.365904548920369
 30.306087743396262
 30.338145846986123
 32.975717221162469
 32.791326009859318
 33.777575484463426
 29.093290989568857
 32.748060117270938
 33.187843997115252
 29.864710107486957
 29.060063914701402
 117.07643402008848
 109.49073489590766
 114.48614018047383
 116.98990953478878
 118.37291463766321
 119.76077667511535
 115.41970659141853
 123.11935787899193
 120.16833125540973
 111.07371900594795
 121.33481894429374
 115.34223787362868
 -1.9912631330498698e-06
 -5.8251322343494394e-07
 -7.4997406329657679e-07
 -7.9979056977208529e-07





