# Created by Octave 5.2.0, Sun Jun 21 16:10:12 2020 IST <nalin@nalinspc>
# name: N1
# type: global scalar
0


# name: N2
# type: global scalar
0


# name: N3
# type: global scalar
4


# name: M
# type: global scalar
3


# name: beta
# type: global matrix
# rows: 4
# columns: 3
 300 300 300
 300 300 300
 300 300 300
 300 300 300


# name: delta
# type: global matrix
# rows: 4
# columns: 3
 1 1 1
 1 1 1
 1 1 1
 1 1 1


# name: c
# type: global cell
# rows: 1
# columns: 2
# name: <cell-element>
# type: matrix
# rows: 4
# columns: 3
 20 20 20
 20 20 20
 20 20 20
 20 20 20



# name: <cell-element>
# type: matrix
# rows: 4
# columns: 3
 15 15 15
 15 15 15
 15 15 15
 15 15 15





# name: A_u
# type: global matrix
# rows: 0
# columns: 0


# name: A_v
# type: global matrix
# rows: 0
# columns: 0


# name: A_s
# type: global matrix
# rows: 0
# columns: 0


# name: b
# type: global matrix
# rows: 0
# columns: 0


# name: alpha
# type: global cell
# rows: 1
# columns: 2
# name: <cell-element>
# type: scalar
0.90000000000000002



# name: <cell-element>
# type: scalar
0.90000000000000002





# name: x_min
# type: global cell
# rows: 1
# columns: 2
# name: <cell-element>
# type: matrix
# rows: 4
# columns: 3
 56 56 56
 56 56 56
 56 56 56
 56 56 56



# name: <cell-element>
# type: matrix
# rows: 4
# columns: 3
 57 57 57
 57 57 57
 57 57 57
 57 57 57





# name: x_max
# type: global cell
# rows: 1
# columns: 2
# name: <cell-element>
# type: matrix
# rows: 4
# columns: 3
 203.90230774879456 207.31618344783783 208.7782096862793
 202.56412833929062 208.29095184803009 207.40469038486481
 204.4739180803299 208.29933762550354 207.7103990316391
 201.87816053628922 200.15290042385459 207.61190533638



# name: <cell-element>
# type: matrix
# rows: 4
# columns: 3
 204.92521286010742 208.26735734939575 205.16366839408875
 207.44603037834167 202.34094098210335 203.43702048063278
 207.31331050395966 209.5731395483017 201.90121710300446
 208.22390496730804 209.61629688739777 200.45916512608528





# name: x
# type: global cell
# rows: 1
# columns: 2
# name: <cell-element>
# type: matrix
# rows: 4
# columns: 3
 91.666564121001088 91.666557539357115 91.666544750143217
 91.666495369459838 91.666513971880477 91.666531056897185
 91.66651196762534 91.666520095663103 91.666523159898091
 91.666565220447382 91.666535635302793 91.666522827259882



# name: <cell-element>
# type: matrix
# rows: 4
# columns: 3
 96.666697047474955 96.666707289023037 96.666716145930295
 96.666734793478327 96.666738879230735 96.666726082995993
 96.666736584788637 96.666738268279204 96.666721837844477
 96.666702308943485 96.666725294431117 96.666726526948807





# name: w
# type: matrix
# rows: 32
# columns: 1
 4.5181576903178478
 4.5181569402999138
 4.5181571213711322
 4.5181577023118207
 4.5181576185180123
 4.5181571432357703
 4.5181572100407807
 4.5181573795643795
 4.5181574789991394
 4.5181573296180639
 4.5181572434688517
 4.5181572398400656
 0.25000000000007744
 0.25000000000011063
 0.24999999999991512
 0.2499999999998968
 4.5712689485965843
 4.5712693390722823
 4.5712693576030654
 4.5712690030255505
 4.5712690545435946
 4.5712693813386558
 4.5712693750184723
 4.5712692408063411
 4.5712691461667303
 4.5712692489639037
 4.5712692050485693
 4.5712692535565163
 0.25000000000000266
 0.24999999999999648
 0.24999999999999112
 0.25000000000000966


# name: payoffs_history
# type: cell
# rows: 1
# columns: 2
# name: <cell-element>
# type: matrix
# rows: 1
# columns: 21
 36864 215471.99999999892 113364.00152721049 125460.75400433903 105982.13053715664 106738.17689834526 102246.53373968268 102293.78675564821 101194.51059862689 101197.46387254482 100924.12005987381 100924.30463898731 100856.30710190278 100856.31866105096 100839.25029369097 100839.25100415255 100834.89352792127 100834.89357788589 100833.21155189679 100833.21155521111 100833.27181942882



# name: <cell-element>
# type: matrix
# rows: 1
# columns: 21
 37584 20015.999296907867 68402.99557637886 97168.499189567476 100192.6880240067 108896.15643203459 109085.16859982687 111355.54425219532 111367.35740458025 111940.8546836318 111941.59301377586 112085.16931919455 112085.21535704244 112121.28626967713 112121.28922819569 112130.14073199352 112130.14092489964 112132.79960552866 112132.79962162866 112133.48938091779 112133.48938094327





# name: total_iter
# type: scalar
20


# name: opti
# type: cell
# rows: 1
# columns: 2
# name: <cell-element>
# type: matrix
# rows: 29
# columns: 1
 0
 0.25000000000007744
 0.25000000000011063
 0.24999999999991512
 0.2499999999998968
 35.666564121001088
 35.666495369459838
 35.66651196762534
 35.666565220447382
 35.666557539357115
 35.666513971880477
 35.666520095663103
 35.666535635302793
 35.666544750143217
 35.666531056897185
 35.666523159898091
 35.666522827259882
 112.23574362779347
 110.89763296983078
 112.80740611270456
 110.21159531584183
 115.64962590848071
 116.62443787614961
 116.63281752984044
 108.4863647885518
 117.11166493613608
 115.73815932796762
 116.04387587174101
 115.94538250912012



# name: <cell-element>
# type: matrix
# rows: 29
# columns: 1
 1.1102230246251565e-16
 0.25000000000000266
 0.24999999999999648
 0.24999999999999112
 0.25000000000000966
 39.666697047474955
 39.666734793478327
 39.666736584788637
 39.666702308943485
 39.666707289023037
 39.666738879230735
 39.666738268279204
 39.666725294431117
 39.666716145930295
 39.666726082995993
 39.666721837844477
 39.666726526948807
 108.25851581263247
 110.77929558486335
 110.64657391917102
 111.55720265836456
 111.60065006037271
 105.67420210287261
 112.90640128002249
 112.94957159296665
 108.49695224815845
 106.77029439763679
 105.23449526515998
 103.79243859913647





