# Created by Octave 5.2.0, Sun Jun 21 16:16:20 2020 IST <nalin@nalinspc>
# name: N1
# type: global scalar
0


# name: N2
# type: global scalar
0


# name: N3
# type: global scalar
4


# name: M
# type: global scalar
3


# name: beta
# type: global matrix
# rows: 4
# columns: 3
 300 300 300
 300 300 300
 300 300 300
 300 300 300


# name: delta
# type: global matrix
# rows: 4
# columns: 3
 1 1 1
 1 1 1
 1 1 1
 1 1 1


# name: c
# type: global cell
# rows: 1
# columns: 2
# name: <cell-element>
# type: matrix
# rows: 4
# columns: 3
 20 20 20
 20 20 20
 20 20 20
 20 20 20



# name: <cell-element>
# type: matrix
# rows: 4
# columns: 3
 15 15 15
 15 15 15
 15 15 15
 15 15 15





# name: A_u
# type: global cell
# rows: 1
# columns: 2
# name: <cell-element>
# type: matrix
# rows: 4
# columns: 3
 0.26012481451034547 0.25733469128608705 0.23604770600795746
 0.20487765520811083 0.2979471862316132 0.25704986453056339
 0.22631915807724001 0.25682939887046813 0.28290957808494566
 0.2580468773841858 0.24624205827713014 0.29083157777786256



# name: <cell-element>
# type: matrix
# rows: 4
# columns: 3
 0.23645080626010895 0.22194351106882096 0.21278106570243838
 0.26068987846374514 0.23557379841804504 0.23589105904102325
 0.21219611614942552 0.23214221000671387 0.26697779297828672
 0.20024794829078019 0.25173948407173158 0.28806740045547485





# name: A_v
# type: global cell
# rows: 1
# columns: 2
# name: <cell-element>
# type: cell
# rows: 1
# columns: 4
# name: <cell-element>
# type: matrix
# rows: 3
# columns: 3
 0.050423506818519169 0.025817716653462417 0.03302898624235226
 0.025817716653462417 0.022121148785057519 0.018455613436675761
 0.03302898624235226 0.018455613436675761 0.029282400020533752



# name: <cell-element>
# type: matrix
# rows: 3
# columns: 3
 0.049825985559097744 0.043921384804176428 0.067351263707858489
 0.043921384804176428 0.051939704076094641 0.063847855767873413
 0.067351263707858489 0.063847855767873413 0.095193714635841073



# name: <cell-element>
# type: matrix
# rows: 3
# columns: 3
 0.033941466491495279 0.027892867371141196 0.026507988613114614
 0.027892867371141196 0.03156324162691039 0.020728232359410688
 0.026507988613114614 0.020728232359410688 0.028996333429661909



# name: <cell-element>
# type: matrix
# rows: 3
# columns: 3
 0.017829740109401943 0.0055015048390825603 0.033693593068934151
 0.0055015048390825603 0.0027473397565519922 0.011063764897318862
 0.033693593068934151 0.011063764897318862 0.06695611944989309






# name: <cell-element>
# type: cell
# rows: 1
# columns: 4
# name: <cell-element>
# type: matrix
# rows: 3
# columns: 3
 0.04794504357016538 0.014379312291735519 0.057700872995921908
 0.014379312291735519 0.010857159204738152 0.021585123056978652
 0.057700872995921908 0.021585123056978652 0.073522570217522801



# name: <cell-element>
# type: matrix
# rows: 3
# columns: 3
 0.077259350020878803 0.068055235522485727 0.048849393907554065
 0.068055235522485727 0.064214992455624439 0.046980893414936845
 0.048849393907554065 0.046980893414936845 0.035313393391735705



# name: <cell-element>
# type: matrix
# rows: 3
# columns: 3
 0.014836955554653647 0.013087990676040384 0.02110205134928771
 0.013087990676040384 0.016348761695421883 0.027548803404970953
 0.02110205134928771 0.027548803404970953 0.049224632914758072



# name: <cell-element>
# type: matrix
# rows: 3
# columns: 3
 0.042459008824987335 0.033464122118688412 0.01871386369698087
 0.033464122118688412 0.043772517008101239 0.037493610412168955
 0.01871386369698087 0.037493610412168955 0.041337912218259852








# name: A_s
# type: global cell
# rows: 1
# columns: 2
# name: <cell-element>
# type: cell
# rows: 1
# columns: 4
# name: <cell-element>
# type: matrix
# rows: 3
# columns: 3
 0.17210440635681151 0.13820551633834838 0.041265183687210084
 0.027539056539535523 0.14075649976730348 0.03937457203865051
 0.10073875188827515 0.079801589250564575 0.11298588514328003



# name: <cell-element>
# type: matrix
# rows: 3
# columns: 3
 0.10637621879577637 0.16729681491851806 0.10257612466812134
 0.032188358902931216 0.12826141119003295 0.18561418056488038
 0.15873700380325317 0.18674139976501464 0.18741378784179688



# name: <cell-element>
# type: matrix
# rows: 3
# columns: 3
 0.16179494857788085 0.016726024448871613 0.086510699987411496
 0.14773342609405518 0.094679009914398191 0.027820163965225221
 0.083794367313385007 0.046857419610023501 0.14063861370086669



# name: <cell-element>
# type: matrix
# rows: 3
# columns: 3
 0.053122282028198242 0.085351979732513433 0.087879478931427002
 0.013757304847240448 0.0039806291460990906 0.050420540571212771
 0.1475823163986206 0.12891886234283448 0.16898374557495116






# name: <cell-element>
# type: cell
# rows: 1
# columns: 4
# name: <cell-element>
# type: matrix
# rows: 3
# columns: 3
 0.13332387208938598 0.15629373788833617 0.075776356458663943
 0.0045888617634773253 0.041883319616317749 0.095298945903778076
 0.16099469661712645 0.15985465049743652 0.14849164485931396



# name: <cell-element>
# type: matrix
# rows: 3
# columns: 3
 0.18731812238693238 0.18596265316009522 0.087115800380706793
 0.13878542184829712 0.16219722032546996 0.13654911518096924
 0.11136250495910645 0.095492136478424069 0.11744376420974731



# name: <cell-element>
# type: matrix
# rows: 3
# columns: 3
 0.013693478703498841 0.015181745588779449 0.12007896900177002
 0.046417707204818727 0.072508227825164792 0.094534200429916379
 0.12721976041793823 0.10572155714035034 0.14786046743392944



# name: <cell-element>
# type: matrix
# rows: 3
# columns: 3
 0.081641435623168945 0.18171023130416869 0.052678996324539186
 0.16645550727844238 0.081147313117980957 0.09736629128456116
 0.19807189702987671 0.00069390060380101202 0.045879781246185303








# name: b
# type: global cell
# rows: 1
# columns: 2
# name: <cell-element>
# type: matrix
# rows: 4
# columns: 1
 158.94529938697815
 157.23717629909515
 180.83000421524048
 174.66427087783813



# name: <cell-element>
# type: matrix
# rows: 4
# columns: 1
 171.73413991928101
 152.36241787672043
 174.23670053482056
 155.10489106178284





# name: alpha
# type: global cell
# rows: 1
# columns: 2
# name: <cell-element>
# type: scalar
0.90000000000000002



# name: <cell-element>
# type: scalar
0.90000000000000002





# name: x_min
# type: global cell
# rows: 1
# columns: 2
# name: <cell-element>
# type: matrix
# rows: 4
# columns: 3
 56 56 56
 56 56 56
 56 56 56
 56 56 56



# name: <cell-element>
# type: matrix
# rows: 4
# columns: 3
 57 57 57
 57 57 57
 57 57 57
 57 57 57





# name: x_max
# type: global cell
# rows: 1
# columns: 2
# name: <cell-element>
# type: matrix
# rows: 4
# columns: 3
 202.59373694658279 204.83915716409683 203.82191717624664
 204.20472383499146 203.12212705612183 205.95434188842773
 203.58959048986435 208.45594882965088 200.12632977217436
 206.82477235794067 202.98945367336273 206.62128925323486



# name: <cell-element>
# type: matrix
# rows: 4
# columns: 3
 204.76311445236206 204.0745285153389 206.30963802337646
 201.34386911988258 207.7251261472702 205.2364981174469
 208.14635872840881 202.85787343978882 206.2421452999115
 206.62864804267883 202.01212838292122 201.53703555464745





# name: x
# type: global cell
# rows: 1
# columns: 2
# name: <cell-element>
# type: matrix
# rows: 4
# columns: 3
 87.813505763075 87.784780575671164 89.999247439650063
 89.90581289611066 82.163476074217371 81.544615622532405
 90.204500875583577 91.646513527251244 91.788647028772345
 93.238851824224042 92.036309167807616 89.855708270751592



# name: <cell-element>
# type: matrix
# rows: 4
# columns: 3
 89.672055945309268 89.28795112543483 89.534023134332074
 77.529868299820038 81.862105281516023 85.457250355515555
 94.244750136291998 93.472474536778734 92.057673549164292
 83.676035400140549 86.395544086339413 88.484437794529555





# name: w
# type: matrix
# rows: 32
# columns: 1
 4.4752153129921535
 4.4987625989657731
 4.5020793246660622
 4.5351644998942247
 4.4748881436528736
 4.4087108733209543
 4.5179389323973869
 4.5221831640568206
 4.4998013085136392
 4.401150301412474
 4.519488619268051
 4.4982051423273184
 0.18054392648731751
 0.64604390154741842
 0.042133329882130727
 0.13127884208313367
 4.4961591926068731
 4.3506632595298251
 4.5458951233050326
 4.4269526210888399
 4.4918665529721471
 4.4050361888072889
 4.5376670029724284
 4.4589361014052979
 4.4946186997956534
 4.448016255061189
 4.522415267041799
 4.4828266924218827
 0.19798375922127642
 0.53554060325126063
 0.056655229957292753
 0.2098204075701699


# name: payoffs_history
# type: cell
# rows: 1
# columns: 2
# name: <cell-element>
# type: matrix
# rows: 1
# columns: 90
 36864 193559.34183368826 111016.10511325079 111970.049640529 110396.36811669488 110422.25394501199 110213.28290218378 110214.22888442106 110182.65349874058 110182.69540262927 110181.87107011616 110181.8730970653 110181.62452489129 110181.62496546436 110181.25620819013 110181.25663296328 110181.13530360143 110181.13557708156 110180.90899363604 110180.90923743472 110180.64254915918 110180.64272610666 110180.51362909142 110180.5137984934 110180.31914981618 110180.31931699967 110180.1917891817 110180.19194696321 110180.06528476981 110180.06543447138 110179.93922474167 110179.93936775583 110179.81419176047 110179.81477177939 110179.65747358318 110179.65754561753 110179.50555720653 110179.50562828858 110179.37609628087 110179.37616567599 110179.24924711527 110179.24931398602 110179.12388372034 110179.12393836747 110178.99521674204 110178.99526950385 110178.87002635979 110178.8700778692 110178.74869947873 110178.74874973495 110178.68496363345 110178.68501063579 110178.61300208248 110178.61304465987 110178.55580195191 110178.55584136002 110178.48748293956 110178.48751939306 110178.43287285903 110178.43290655539 110178.37895338649 110178.37898451753 110178.31039476076 110178.31042349388 110178.25499136403 110178.25501772994 110178.20322018352 110178.20324278157 110178.1430470605 110178.14306787789 110178.08304916439 110178.0830685109 110178.02926276079 110178.0292806081 110177.97183063772 110177.97184730752 110177.91928176788 110177.9192972247 110177.87369405897 110177.87370850338 110177.82187448574 110177.82188799989 110177.77294695347 110177.77295951016 110177.72058086273 110177.72059249613 110177.6691102605 110177.66912087529 110177.61807299269 110177.61807771455



# name: <cell-element>
# type: matrix
# rows: 1
# columns: 90
 37584 25927.388097061681 109391.00254470178 112658.38302321616 112808.24437757865 113496.21818685485 113500.98267617999 113613.3139227046 113613.51430716731 113627.72546182098 113627.7278182103 113629.4414887313 113629.44226276237 113629.85717281961 113629.8581506864 113630.2690349934 113630.26936612411 113630.56410633308 113630.56462801842 113630.84923311457 113630.84979548986 113631.0519987071 113631.05227013583 113631.25283853064 113631.2532553043 113631.45198969566 113631.45223192548 113631.64302523651 113631.64325891211 113631.82888410104 113631.82910884911 113632.0097566536 113632.00997248275 113632.92747103411 113632.92772420633 113633.08206715755 113633.08230758795 113633.23428184031 113633.23449774363 113633.38559864505 113633.38580386882 113633.53633978823 113633.53653473553 113633.65462066772 113633.6548041139 113633.77146269349 113633.77163536912 113633.88820558386 113633.88836672416 113634.00330990202 113634.00338764364 113634.1153316994 113634.11541241367 113634.2182680796 113634.2183390735 113634.32088460732 113634.3209601776 113634.42128160683 113634.42134784239 113634.5201745628 113634.52023871044 113634.61756128745 113634.61762818335 113634.71354955807 113634.71360905882 113634.80656304079 113634.806619781 113634.88919738148 113634.88925611514 113634.96829199384 113634.96834841637 113635.04543719582 113635.0454859758 113635.11978491137 113635.11983665416 113635.19271032767 113635.1927554555 113635.26356530894 113635.2636094996 113635.33255784365 113635.33260368064 113635.40083976729 113635.40088048531 113635.46777829897 113635.46782010148 113635.53400714835 113635.53404665843 113635.59934701629 113635.59938419786 113635.63071609328





# name: total_iter
# type: scalar
89


# name: opti
# type: cell
# rows: 1
# columns: 2
# name: <cell-element>
# type: matrix
# rows: 33
# columns: 1
 -4.4408920985006262e-16
 0.18054392648731751
 0.64604390154741842
 0.042133329882130727
 0.13127884208313367
 31.813505763075
 33.90581289611066
 34.204500875583577
 37.238851824224042
 31.784780575671164
 26.163476074217371
 35.646513527251244
 36.036309167807616
 33.999247439650063
 25.544615622532405
 35.788647028772345
 33.855708270751592
 114.78023118350779
 114.29891093888079
 113.38508961428077
 113.58592053371663
 117.05437658842567
 120.95865098190446
 116.80943530239963
 110.95314450555512
 113.82266973659658
 124.40972626589533
 108.33768274340201
 116.76558098248327
 -1.3070135338466571e-06
 -9.5117084697449172e-07
 -3.5937386400064497e-06
 -9.2782946126135357e-07



# name: <cell-element>
# type: matrix
# rows: 33
# columns: 1
 2.2204460492503131e-16
 0.19798375922127642
 0.53554060325126063
 0.056655229957292753
 0.2098204075701699
 32.672055945309268
 20.529868299820038
 37.244750136291998
 26.676035400140549
 32.28795112543483
 24.862105281516023
 36.472474536778734
 29.395544086339413
 32.534023134332074
 28.457250355515555
 35.057673549164292
 31.484437794529555
 115.09105850705279
 123.81400082006255
 113.90160859211682
 122.95261264253828
 114.78657738990407
 125.86302086575418
 109.38539890301008
 115.61658429658181
 116.77561488904439
 119.77924776193134
 114.18447175074721
 113.05259776011789
 -1.1980409055922792e-06
 -9.9219772664582706e-07
 -5.2696526751105921e-06
 -2.9245848054415546e-07





