# Created by Octave 5.2.0, Sun Jun 21 16:22:55 2020 IST <nalin@nalinspc>
# name: N1
# type: global scalar
0


# name: N2
# type: global scalar
0


# name: N3
# type: global scalar
4


# name: M
# type: global scalar
3


# name: beta
# type: global matrix
# rows: 4
# columns: 3
 300 300 300
 300 300 300
 300 300 300
 300 300 300


# name: delta
# type: global matrix
# rows: 4
# columns: 3
 1 1 1
 1 1 1
 1 1 1
 1 1 1


# name: c
# type: global cell
# rows: 1
# columns: 2
# name: <cell-element>
# type: matrix
# rows: 4
# columns: 3
 20 20 20
 20 20 20
 20 20 20
 20 20 20



# name: <cell-element>
# type: matrix
# rows: 4
# columns: 3
 15 15 15
 15 15 15
 15 15 15
 15 15 15





# name: A_u
# type: global cell
# rows: 1
# columns: 2
# name: <cell-element>
# type: matrix
# rows: 4
# columns: 3
 0.20128670334815979 0.25771921277046206 0.23094624578952791
 0.26451033949851988 0.24493893086910248 0.2683630049228668
 0.29950353503227234 0.24485862255096436 0.23719601035118104
 0.27685648798942564 0.2314503312110901 0.21411010026931765



# name: <cell-element>
# type: matrix
# rows: 4
# columns: 3
 0.28603678345680239 0.20460376441478731 0.29405494332313542
 0.21349465698003769 0.24650029540061952 0.23300309777259828
 0.24436569511890413 0.2531862437725067 0.25002148747444153
 0.24453386366367341 0.27541443109512331 0.20233923122286798





# name: A_v
# type: global cell
# rows: 1
# columns: 2
# name: <cell-element>
# type: cell
# rows: 1
# columns: 4
# name: <cell-element>
# type: matrix
# rows: 3
# columns: 3
 0.078507879695423 0.065425380223927618 0.051713995328893529
 0.065425380223927618 0.058222341294049469 0.034200348720700192
 0.051713995328893529 0.034200348720700192 0.058501049561596831



# name: <cell-element>
# type: matrix
# rows: 3
# columns: 3
 0.018531629826066265 0.020520871562722486 0.027048996960064287
 0.020520871562722486 0.031904345195532258 0.0290811837554752
 0.027048996960064287 0.0290811837554752 0.049956714591028947



# name: <cell-element>
# type: matrix
# rows: 3
# columns: 3
 0.035290177237433516 0.028345003063370077 0.039937059902772069
 0.028345003063370077 0.041420581509189237 0.03049195915191371
 0.039937059902772069 0.03049195915191371 0.045799770510849103



# name: <cell-element>
# type: matrix
# rows: 3
# columns: 3
 0.040967334068410577 0.039134676248309741 0.018261632890944748
 0.039134676248309741 0.047585542149514902 0.02426211700437924
 0.018261632890944748 0.02426211700437924 0.030120923982696366






# name: <cell-element>
# type: cell
# rows: 1
# columns: 4
# name: <cell-element>
# type: matrix
# rows: 3
# columns: 3
 0.045282979300759155 0.030663643146676908 0.028056481197431749
 0.030663643146676908 0.041994993080976227 0.024321686264242078
 0.028056481197431749 0.024321686264242078 0.031279639962406382



# name: <cell-element>
# type: matrix
# rows: 3
# columns: 3
 0.044579277846152787 0.057466415855999313 0.041049399146006423
 0.057466415855999313 0.077942568338412746 0.055406220595341366
 0.041049399146006423 0.055406220595341366 0.045499520164296064



# name: <cell-element>
# type: matrix
# rows: 3
# columns: 3
 0.033975950785565985 0.047536219457636766 0.035970556139726925
 0.047536219457636766 0.092352532448000638 0.0831199833819629
 0.035970556139726925 0.0831199833819629 0.079740889165103968



# name: <cell-element>
# type: matrix
# rows: 3
# columns: 3
 0.044420856999262466 0.045502742326087774 0.020542362332029676
 0.045502742326087774 0.050318957107655576 0.028546018401363185
 0.020542362332029676 0.028546018401363185 0.041935619410986856








# name: A_s
# type: global cell
# rows: 1
# columns: 2
# name: <cell-element>
# type: cell
# rows: 1
# columns: 4
# name: <cell-element>
# type: matrix
# rows: 3
# columns: 3
 0.183796226978302 0.084477120637893671 0.19388254880905151
 0.19078376293182372 0.02537553310394287 0.14553343057632445
 0.054487562179565428 0.19707162380218507 0.12920886278152466



# name: <cell-element>
# type: matrix
# rows: 3
# columns: 3
 0.05205208659172058 0.083610343933105472 0.09397616982460022
 0.074924236536026007 0.1580384850502014 0.036256602406501769
 0.16672179698944092 0.075544881820678714 0.12827130556106567



# name: <cell-element>
# type: matrix
# rows: 3
# columns: 3
 0.1358997941017151 0.053945589065551761 0.11794615983963012
 0.022133107483386993 0.03341969549655914 0.19953403472900391
 0.15543097257614136 0.082580196857452395 0.12174355983734131



# name: <cell-element>
# type: matrix
# rows: 3
# columns: 3
 0.1757931113243103 0.086938697099685672 0.050057756900787356
 0.13574832677841187 0.17052446603775023 0.0089073233306407925
 0.006738957017660141 0.13097730875015259 0.11366817951202393






# name: <cell-element>
# type: cell
# rows: 1
# columns: 4
# name: <cell-element>
# type: matrix
# rows: 3
# columns: 3
 0.10497506856918334 0.18122916221618651 0.037672337889671323
 0.035120376944541933 0.11425360441207885 0.16645619869232178
 0.14950902462005616 0.051783335208892819 0.079026436805725103



# name: <cell-element>
# type: matrix
# rows: 3
# columns: 3
 0.10890343189239501 0.12576937675476074 0.13000532388687133
 0.087810897827148432 0.1770377278327942 0.19720410108566283
 0.055767780542373656 0.18527005910873412 0.089802449941635137



# name: <cell-element>
# type: matrix
# rows: 3
# columns: 3
 0.033100539445877077 0.17064002752304078 0.061337476968765257
 0.15854918956756592 0.1811537265777588 0.18546701669692994
 0.18225650787353515 0.10841842889785766 0.18646420240402223



# name: <cell-element>
# type: matrix
# rows: 3
# columns: 3
 0.14493496417999269 0.026701268553733826 0.1506710171699524
 0.10714701414108277 0.055510431528091431 0.18909538984298707
 0.017339700460433961 0.18459485769271849 0.086946493387222296








# name: b
# type: global cell
# rows: 1
# columns: 2
# name: <cell-element>
# type: matrix
# rows: 4
# columns: 1
 178.61825466156006
 169.07444000244141
 182.82426118850708
 164.97692227363586



# name: <cell-element>
# type: matrix
# rows: 4
# columns: 1
 151.38696849346161
 185.13037443161011
 167.92481660842896
 151.95425570011139





# name: alpha
# type: global cell
# rows: 1
# columns: 2
# name: <cell-element>
# type: scalar
0.90000000000000002



# name: <cell-element>
# type: scalar
0.90000000000000002





# name: x_min
# type: global cell
# rows: 1
# columns: 2
# name: <cell-element>
# type: matrix
# rows: 4
# columns: 3
 56 56 56
 56 56 56
 56 56 56
 56 56 56



# name: <cell-element>
# type: matrix
# rows: 4
# columns: 3
 57 57 57
 57 57 57
 57 57 57
 57 57 57





# name: x_max
# type: global cell
# rows: 1
# columns: 2
# name: <cell-element>
# type: matrix
# rows: 4
# columns: 3
 204.22945022583008 205.43544054031372 202.51728296279907
 204.65397924184799 207.08315849304199 207.76727735996246
 204.69499975442886 200.76018556952477 202.10641741752625
 208.14150750637054 206.94376170635223 200.35956040024757



# name: <cell-element>
# type: matrix
# rows: 4
# columns: 3
 202.46573761105537 206.81556522846222 202.37717643380165
 206.47157073020935 205.99489390850067 205.48715114593506
 204.6050488948822 206.25195622444153 205.81598460674286
 203.62271964550018 204.01733964681625 200.18969753757119





# name: x
# type: global cell
# rows: 1
# columns: 2
# name: <cell-element>
# type: matrix
# rows: 4
# columns: 3
 93.82292402213146 94.514623108697023 93.231907660111787
 90.960560307471113 93.594785465796363 93.157636051363056
 96.209561736892681 98.326494144540803 96.761882331548804
 93.522643416631013 93.481497347658234 97.34205940129705



# name: <cell-element>
# type: matrix
# rows: 4
# columns: 3
 83.096674007134894 82.743892456822351 83.235960201281927
 91.083838663130095 86.202697077721155 87.30292743586493
 80.750640285362692 78.8793925572852 79.220215560363101
 85.157405533778402 85.093884928220277 80.638929823552246





