# Created by Octave 5.2.0, Sun Jun 21 16:20:04 2020 IST <nalin@nalinspc>
# name: N1
# type: global scalar
0


# name: N2
# type: global scalar
0


# name: N3
# type: global scalar
4


# name: M
# type: global scalar
3


# name: beta
# type: global matrix
# rows: 4
# columns: 3
 300 300 300
 300 300 300
 300 300 300
 300 300 300


# name: delta
# type: global matrix
# rows: 4
# columns: 3
 1 1 1
 1 1 1
 1 1 1
 1 1 1


# name: c
# type: global cell
# rows: 1
# columns: 2
# name: <cell-element>
# type: matrix
# rows: 4
# columns: 3
 20 20 20
 20 20 20
 20 20 20
 20 20 20



# name: <cell-element>
# type: matrix
# rows: 4
# columns: 3
 15 15 15
 15 15 15
 15 15 15
 15 15 15





# name: A_u
# type: global cell
# rows: 1
# columns: 2
# name: <cell-element>
# type: matrix
# rows: 4
# columns: 3
 0.2789381325244904 0.21760385930538179 0.24247668087482455
 0.2566205382347107 0.27084141373634341 0.26496906280517579
 0.24754822254180908 0.26844985485076905 0.23091008365154267
 0.21121360585093499 0.20588784441351893 0.227126544713974



# name: <cell-element>
# type: matrix
# rows: 4
# columns: 3
 0.22116098999977113 0.25980569124221803 0.21967278718948366
 0.28765321969985963 0.22322234660387041 0.2738694906234741
 0.20471481867134572 0.22687303125858307 0.28510838150978091
 0.27124808430671693 0.2383119434118271 0.25805768370628357





# name: A_v
# type: global cell
# rows: 1
# columns: 2
# name: <cell-element>
# type: cell
# rows: 1
# columns: 4
# name: <cell-element>
# type: matrix
# rows: 3
# columns: 3
 0.034303528713470796 0.023177106054453313 0.03444743097765933
 0.023177106054453313 0.069620125868820715 0.050773819563632333
 0.03444743097765933 0.050773819563632333 0.048838341532468091



# name: <cell-element>
# type: matrix
# rows: 3
# columns: 3
 0.054232467121131438 0.010293949407079657 0.025775007812314198
 0.010293949407079657 0.0022992980550520102 0.0040667945887500785
 0.025775007812314198 0.0040667945887500785 0.019734644565287368



# name: <cell-element>
# type: matrix
# rows: 3
# columns: 3
 0.027905081872742959 0.032136965590769152 0.020481152416151963
 0.032136965590769152 0.048435495834646215 0.039307700179506133
 0.020481152416151963 0.039307700179506133 0.043172379033786151



# name: <cell-element>
# type: matrix
# rows: 3
# columns: 3
 0.031056843502954942 0.031940553426614039 0.034953894198297919
 0.031940553426614039 0.048340877646395497 0.035740113379718393
 0.034953894198297919 0.035740113379718393 0.040088728556703049






# name: <cell-element>
# type: cell
# rows: 1
# columns: 4
# name: <cell-element>
# type: matrix
# rows: 3
# columns: 3
 0.038344906063720999 0.039055308390929966 0.044405045265756372
 0.039055308390929966 0.048667003429967409 0.051417334786254619
 0.044405045265756372 0.051417334786254619 0.056663370757561754



# name: <cell-element>
# type: matrix
# rows: 3
# columns: 3
 0.066836814256575533 0.065775234487759057 0.044483559227754266
 0.065775234487759057 0.065956365795021413 0.047686505690361647
 0.044483559227754266 0.047686505690361647 0.050797185131353201



# name: <cell-element>
# type: matrix
# rows: 3
# columns: 3
 0.03558032179741364 0.029869238245135429 0.015796576520980422
 0.029869238245135429 0.029020762150246002 0.01576566695803228
 0.015796576520980422 0.01576566695803228 0.010984883672818968



# name: <cell-element>
# type: matrix
# rows: 3
# columns: 3
 0.044742212341860071 0.042001921195319827 0.026716691813430272
 0.042001921195319827 0.040575014478041502 0.024349816612690686
 0.026716691813430272 0.024349816612690686 0.05165277785427267








# name: A_s
# type: global cell
# rows: 1
# columns: 2
# name: <cell-element>
# type: cell
# rows: 1
# columns: 4
# name: <cell-element>
# type: matrix
# rows: 3
# columns: 3
 0.04028868079185486 0.18059563636779785 0.0080973476171493537
 0.18181035518646241 0.079989820718765259 0.1736857771873474
 0.10836292505264282 0.16189061403274535 0.10434197187423706



# name: <cell-element>
# type: matrix
# rows: 3
# columns: 3
 0.16834932565689087 0.12871627807617186 0.096556156873703003
 0.042103481292724607 0.0091053679585456852 0.021063883602619172
 0.024326364696025848 0.088903832435607913 0.1060140609741211



# name: <cell-element>
# type: matrix
# rows: 3
# columns: 3
 0.04366835057735443 0.062779718637466425 0.14851553440093995
 0.13981320858001708 0.11179747581481933 0.12801986932754517
 0.19393998384475708 0.031863367557525633 0.067412072420120234



# name: <cell-element>
# type: matrix
# rows: 3
# columns: 3
 0.11899186372756958 0.046462684869766235 0.12140427827835083
 0.17915102243423461 0.12056132555007934 0.041361281275749208
 0.14899195432662965 0.030359768867492677 0.13026285171508789






# name: <cell-element>
# type: cell
# rows: 1
# columns: 4
# name: <cell-element>
# type: matrix
# rows: 3
# columns: 3
 0.093479716777801508 0.11374852657318116 0.12910352945327758
 0.065960919857025152 0.19254250526428224 0.085109013319015506
 0.11295472383499146 0.18420473337173462 0.099865996837615961



# name: <cell-element>
# type: matrix
# rows: 3
# columns: 3
 0.11242784261703491 0.12382736206054687 0.19713847637176513
 0.10310325622558594 0.15258557796478273 0.17900761365890502
 0.13244620561599732 0.17833667993545532 0.038094833493232727



# name: <cell-element>
# type: matrix
# rows: 3
# columns: 3
 0.14727840423583985 0.064002555608749387 0.098959922790527344
 0.084909754991531375 0.0885600745677948 0.1181871771812439
 0.045745494961738589 0.087609374523162836 0.034883102774620055



# name: <cell-element>
# type: matrix
# rows: 3
# columns: 3
 0.0059469044208526611 0.17320394515991211 0.12127341032028198
 0.004939572885632515 0.14320148229599 0.14157665967941285
 0.19155936241149901 0.10942456722259522 0.054626482725143435








# name: b
# type: global cell
# rows: 1
# columns: 2
# name: <cell-element>
# type: matrix
# rows: 4
# columns: 1
 164.71637010574341
 153.52326244115829
 174.22598361968994
 163.88312697410583



# name: <cell-element>
# type: matrix
# rows: 4
# columns: 1
 189.49111938476562
 159.29998695850372
 157.81837999820709
 180.89944362640381





# name: alpha
# type: global cell
# rows: 1
# columns: 2
# name: <cell-element>
# type: scalar
0.90000000000000002



# name: <cell-element>
# type: scalar
0.90000000000000002





# name: x_min
# type: global cell
# rows: 1
# columns: 2
# name: <cell-element>
# type: matrix
# rows: 4
# columns: 3
 56 56 56
 56 56 56
 56 56 56
 56 56 56



# name: <cell-element>
# type: matrix
# rows: 4
# columns: 3
 57 57 57
 57 57 57
 57 57 57
 57 57 57





# name: x_max
# type: global cell
# rows: 1
# columns: 2
# name: <cell-element>
# type: matrix
# rows: 4
# columns: 3
 208.73873591423035 203.25655490159988 201.90867319703102
 206.51920258998871 203.89484912157059 202.22339764237404
 204.3633770942688 202.06891477108002 200.51239129155874
 203.74648749828339 201.75746947526932 206.23807847499847



# name: <cell-element>
# type: matrix
# rows: 4
# columns: 3
 201.15495085716248 203.99325430393219 201.5569144487381
 207.93326020240784 200.51396358758211 207.41195499897003
 203.66744220256805 206.233731508255 209.94383215904236
 200.52449852228165 202.41577640175819 200.59389892965555





# name: x
# type: global cell
# rows: 1
# columns: 2
# name: <cell-element>
# type: matrix
# rows: 4
# columns: 3
 88.550857496961882 90.166454067532911 89.349551612329321
 93.506729658291206 93.886568648230167 94.715028557437833
 91.304472025886554 91.865486598665726 91.902167654954923
 90.427059777522203 92.834851526537832 91.715062964177292



# name: <cell-element>
# type: matrix
# rows: 4
# columns: 3
 94.680480476804249 91.926762587507909 93.998005764010713
 84.822551763644896 84.077775837682282 82.9813222107379
 92.279922930728148 92.486854007288258 91.611598104263166
 93.611606426923686 91.029818738104154 92.396888363906086





# name: w
# type: matrix
# rows: 32
# columns: 1
 4.483577047942112
 4.5380334086595546
 4.5141997680649588
 4.5045435564288487
 4.5016574517694314
 4.542087337093192
 4.5203254049462096
 4.5308221245318006
 4.4925562232641303
 4.5508726840893328
 4.5207246161885291
 4.5186866292860293
 0.35798463930143198
 0.31606684921262801
 0.16118699292267272
 0.16476151856326732
 4.5505078593773538
 4.4405614480509419
 4.5248265981375422
 4.5391543760837925
 4.5209922011945158
 4.4317422732892471
 4.5270665155784133
 4.5111871312826999
 4.5432735667684749
 4.4186155488671695
 4.517557880523615
 4.5260933023652967
 0.15737550643495782
 0.56122243142523698
 0.1408202073332184
 0.14058185480658694


# name: payoffs_history
# type: cell
# rows: 1
# columns: 2
# name: <cell-element>
# type: matrix
# rows: 1
# columns: 64
 36864 194698.83544914227 107964.93743114191 108241.37596172049 107736.18445752541 107747.76562048818 107676.33531072864 107676.88769853514 107665.10175953913 107665.13076572647 107663.60943907587 107663.61023855154 107663.40671006683 107663.40678459569 107663.38650573904 107663.38655442299 107663.36986854661 107663.36989881346 107663.3501215344 107663.3501317222 107663.33082546758 107663.3308351678 107663.31294792592 107663.3129570353 107663.29011474489 107663.2901232108 107663.2642953574 107663.2643031375 107663.23932402229 107663.23933104037 107663.21770342528 107663.217709802 107663.1932926001 107663.19329845296 107663.16819416892 107663.16819952053 107663.13559648034 107663.13560112903 107663.10345308596 107663.10345724002 107663.07204800336 107663.072051785 107663.04296913573 107663.04297262372 107663.0165913174 107663.01659455174 107662.99294690554 107662.99294988612 107662.97086973181 107662.97087247207 107662.95021572502 107662.95021822932 107662.93181692334 107662.9318191921 107662.91359070659 107662.91359275284 107662.89653452045 107662.89653636288 107662.88060284485 107662.88060448696 107662.86620940396 107662.86621087207 107662.85243748438 107662.85243879311



# name: <cell-element>
# type: matrix
# rows: 1
# columns: 64
 37584 25940.543796584396 110279.26900686478 111186.2729553713 111241.6388960584 111482.85088880031 111485.34510550316 111533.82884072314 111533.95415379331 111543.6215480933 111543.62787863662 111544.68493148612 111544.68548164792 111544.81828999714 111544.81836701636 111544.95436574565 111544.95444119381 111545.07408394491 111545.07415610338 111545.12782224326 111545.12789030935 111545.18019124109 111545.18025574274 111545.22999913846 111545.23005875215 111545.27862391257 111545.2786803401 111545.3260884609 111545.32614219681 111545.37090433862 111545.37095527294 111545.41245372625 111545.41250165069 111545.45290618965 111545.45295116499 111545.49189001565 111545.49192984749 111545.528614671 111545.52865211442 111545.56351228073 111545.56354702637 111545.59599041304 111545.59602217126 111545.62729045691 111545.62731903435 111545.65839019031 111545.65841571387 111545.68709897506 111545.68712146887 111545.71460995777 111545.71462966397 111545.74089399994 111545.74091128464 111545.76584629749 111545.76586140832 111545.78955941054 111545.78957261819 111545.81206408654 111545.8120756072 111545.83321659704 111545.83322663844 111545.85320946292 111545.85321824616 111545.87208762285





# name: total_iter
# type: scalar
63


# name: opti
# type: cell
# rows: 1
# columns: 2
# name: <cell-element>
# type: matrix
# rows: 33
# columns: 1
 0
 0.35798463930143198
 0.31606684921262801
 0.16118699292267272
 0.16476151856326732
 32.550857496961882
 37.506729658291206
 35.304472025886554
 34.427059777522203
 34.166454067532911
 37.886568648230167
 35.865486598665726
 36.834851526537832
 33.349551612329321
 38.715028557437833
 35.902167654954923
 35.715062964177292
 120.18787841726846
 113.0124729316975
 113.05890506838224
 113.31942772076118
 113.09010083406697
 110.00828047334042
 110.20342817241429
 108.92261794873149
 112.5591215847017
 107.50836908493621
 108.61022363660382
 114.52301551082118
 -7.6271035709396529e-08
 -3.5915107332584739e-08
 -1.7699071008792089e-07
 -2.9788995448143396e-07



# name: <cell-element>
# type: matrix
# rows: 33
# columns: 1
 -2.2204460492503131e-16
 0.15737550643495782
 0.56122243142523698
 0.1408202073332184
 0.14058185480658694
 37.680480476804249
 27.822551763644896
 35.279922930728148
 36.611606426923686
 34.926762587507909
 27.077775837682282
 35.486854007288258
 34.029818738104154
 36.998005764010713
 25.9813222107379
 34.611598104263166
 35.396888363906086
 106.47447038035823
 123.11070843876294
 111.38751927183991
 106.91289209535796
 112.06649171642428
 116.43618774989983
 113.74687750096675
 111.38595766365404
 107.55890868472738
 124.43063278823213
 118.33223405477919
 108.19701056574947
 -2.1083377532704617e-07
 -1.1565764168608439e-07
 -4.7561606209001184e-07
 -1.2097007129341364e-06





