# Created by Octave 5.2.0, Sun Jun 21 16:22:55 2020 IST <nalin@nalinspc>
# name: N1
# type: global scalar
0


# name: N2
# type: global scalar
0


# name: N3
# type: global scalar
4


# name: M
# type: global scalar
3


# name: all_payoffs
# type: cell
# rows: 1
# columns: 20
# name: <cell-element>
# type: cell
# rows: 1
# columns: 2
# name: <cell-element>
# type: scalar
101078.87941013096



# name: <cell-element>
# type: scalar
115693.23845053735






# name: <cell-element>
# type: cell
# rows: 1
# columns: 2
# name: <cell-element>
# type: scalar
98922.326279328947



# name: <cell-element>
# type: scalar
116030.92803120587






# name: <cell-element>
# type: cell
# rows: 1
# columns: 2
# name: <cell-element>
# type: scalar
105686.17231621333



# name: <cell-element>
# type: scalar
112307.48056296573






# name: <cell-element>
# type: cell
# rows: 1
# columns: 2
# name: <cell-element>
# type: scalar
107666.39322668675



# name: <cell-element>
# type: scalar
120917.25852781473






# name: <cell-element>
# type: cell
# rows: 1
# columns: 2
# name: <cell-element>
# type: scalar
101687.5345538017



# name: <cell-element>
# type: scalar
111680.11589166858






# name: <cell-element>
# type: cell
# rows: 1
# columns: 2
# name: <cell-element>
# type: scalar
103580.00785443184



# name: <cell-element>
# type: scalar
116031.55783856295






# name: <cell-element>
# type: cell
# rows: 1
# columns: 2
# name: <cell-element>
# type: scalar
101916.42697397145



# name: <cell-element>
# type: scalar
113502.26629354584






# name: <cell-element>
# type: cell
# rows: 1
# columns: 2
# name: <cell-element>
# type: scalar
110177.61807771455



# name: <cell-element>
# type: scalar
113635.63071609328






# name: <cell-element>
# type: cell
# rows: 1
# columns: 2
# name: <cell-element>
# type: scalar
109489.91369240874



# name: <cell-element>
# type: scalar
109539.53429274516






# name: <cell-element>
# type: cell
# rows: 1
# columns: 2
# name: <cell-element>
# type: scalar
102681.72911323236



# name: <cell-element>
# type: scalar
111139.87001926359






# name: <cell-element>
# type: cell
# rows: 1
# columns: 2
# name: <cell-element>
# type: scalar
110100.71357853404



# name: <cell-element>
# type: scalar
106916.00698392963






# name: <cell-element>
# type: cell
# rows: 1
# columns: 2
# name: <cell-element>
# type: scalar
100538.36986743474



# name: <cell-element>
# type: scalar
112751.96144380717






# name: <cell-element>
# type: cell
# rows: 1
# columns: 2
# name: <cell-element>
# type: scalar
101690.46509994249



# name: <cell-element>
# type: scalar
111677.81279467521






# name: <cell-element>
# type: cell
# rows: 1
# columns: 2
# name: <cell-element>
# type: scalar
108869.68998375646



# name: <cell-element>
# type: scalar
111758.57979628909






# name: <cell-element>
# type: cell
# rows: 1
# columns: 2
# name: <cell-element>
# type: scalar
107662.85243879311



# name: <cell-element>
# type: scalar
111545.87208762285






# name: <cell-element>
# type: cell
# rows: 1
# columns: 2
# name: <cell-element>
# type: scalar
106304.38738427973



# name: <cell-element>
# type: scalar
116992.83332991725






# name: <cell-element>
# type: cell
# rows: 1
# columns: 2
# name: <cell-element>
# type: scalar
100936.10057711



# name: <cell-element>
# type: scalar
113868.85725359857






# name: <cell-element>
# type: cell
# rows: 1
# columns: 2
# name: <cell-element>
# type: scalar
97339.681213969307



# name: <cell-element>
# type: scalar
119090.40507252724






# name: <cell-element>
# type: cell
# rows: 1
# columns: 2
# name: <cell-element>
# type: scalar
102555.29207154654



# name: <cell-element>
# type: scalar
112819.6252014293






# name: <cell-element>
# type: cell
# rows: 1
# columns: 2
# name: <cell-element>
# type: scalar
115569.30564446362



# name: <cell-element>
# type: scalar
107106.13150720706








# name: T
# type: matrix
# rows: 20
# columns: 1
 36.33784008026123
 19.163688898086548
 46.537454128265381
 65.952549934387207
 14.853699922561646
 48.212625026702881
 26.764147996902466
 64.246500015258789
 37.565010070800781
 26.648478984832764
 44.373603105545044
 25.81400203704834
 24.96315598487854
 24.972235202789307
 40.059098958969116
 42.396574974060059
 27.010890960693359
 41.456100940704346
 33.769208192825317
 26.540147066116333


# name: I
# type: matrix
# rows: 20
# columns: 1
 52
 30
 57
 116
 25
 65
 12
 89
 63
 21
 55
 20
 25
 11
 63
 67
 30
 40
 35
 49


# name: mat_ne
# type: global cell
# rows: 1
# columns: 2
# name: <cell-element>
# type: cell
# rows: 1
# columns: 20
# name: <cell-element>
# type: matrix
# rows: 4
# columns: 3
 86.569016027810036 85.530107097138455 87.16414042991731
 89.221261583960199 89.188389337055526 90.011902691647563
 89.10572744096541 90.052821569372554 89.459343874852294
 88.134297233559138 89.489287696512875 88.974190424439115



# name: <cell-element>
# type: matrix
# rows: 4
# columns: 3
 87.363289703007396 84.644232389540832 85.44445528178646
 87.90545391797238 88.840438688018764 88.869711505403899
 89.774408519691633 88.835320405146291 89.466996545894432
 89.431157861745163 89.839011960716221 89.692759033349077



# name: <cell-element>
# type: matrix
# rows: 4
# columns: 3
 88.423190031220599 89.287964451210499 89.97395655940386
 89.437300710857087 91.160097326527875 91.165457090719585
 94.091181564574384 93.661659744930802 93.299540551325506
 91.483954405555778 92.196425855956136 91.273092201683681



# name: <cell-element>
# type: matrix
# rows: 4
# columns: 3
 79.220590597942106 83.121292656431933 83.23304561769703
 85.717672555001087 81.483521667939371 81.489716254360715
 73.362480421750263 77.055795452342721 73.387243017472812
 87.014411691954606 91.377864401312223 93.821408143816214



# name: <cell-element>
# type: matrix
# rows: 4
# columns: 3
 91.961044471627517 92.013907994935678 92.103453233988517
 92.037196306085278 92.03584649592726 91.860571643519421
 92.040585955718413 92.037405840905535 92.237970608284812
 92.099590399393591 92.008782918961515 92.212475039944678



# name: <cell-element>
# type: matrix
# rows: 4
# columns: 3
 92.602078656854999 88.820339854475208 93.251598796621593
 89.170437480481226 86.360830830627393 87.391107412002754
 85.15730055422992 83.316627771353907 81.558971091255472
 90.729660954428056 89.423317452662715 89.051011761641718



# name: <cell-element>
# type: matrix
# rows: 4
# columns: 3
 91.625250773819658 91.838701103993728 91.838140632470171
 91.277183255077816 91.511979423267675 92.04248563220429
 91.000695354466856 91.158393611385748 91.590231047524597
 87.504928785363347 87.129280572527151 86.929072228488508



# name: <cell-element>
# type: matrix
# rows: 4
# columns: 3
 87.813505763075 87.784780575671164 89.999247439650063
 89.90581289611066 82.163476074217371 81.544615622532405
 90.204500875583577 91.646513527251244 91.788647028772345
 93.238851824224042 92.036309167807616 89.855708270751592



# name: <cell-element>
# type: matrix
# rows: 4
# columns: 3
 92.443868481198919 92.883905417051821 94.093108117821728
 91.265600761025823 92.678002914005376 91.853900695888868
 93.374960315563612 92.116113971631066 93.283062397330781
 95.501609334614685 95.822642077351361 95.553112005424609



# name: <cell-element>
# type: matrix
# rows: 4
# columns: 3
 92.434103500564163 92.442905996526576 92.744793777437252
 91.988700572670453 91.900053089092154 92.206100459694696
 91.910069510712177 92.072470465605193 91.948384638544709
 93.21539862074026 93.650989259211798 93.498455981266105



# name: <cell-element>
# type: matrix
# rows: 4
# columns: 3
 97.353248907298678 95.772063077702924 97.850496001411656
 96.740414085562719 97.587154138906385 96.640951824780942
 94.354591538942813 95.072383731751515 94.626363681536475
 93.675711595561097 95.092558957734994 94.557739317229036



