# Created by Octave 5.2.0, Sun Jun 21 16:10:57 2020 IST <nalin@nalinspc>
# name: N1
# type: global scalar
0


# name: N2
# type: global scalar
0


# name: N3
# type: global scalar
4


# name: M
# type: global scalar
3


# name: all_payoffs
# type: cell
# rows: 1
# columns: 20
# name: <cell-element>
# type: cell
# rows: 1
# columns: 2
# name: <cell-element>
# type: scalar
100833.26769858984



# name: <cell-element>
# type: scalar
112133.50349229504






# name: <cell-element>
# type: cell
# rows: 1
# columns: 2
# name: <cell-element>
# type: scalar
100833.33915562634



# name: <cell-element>
# type: scalar
112133.33235191485






# name: <cell-element>
# type: cell
# rows: 1
# columns: 2
# name: <cell-element>
# type: scalar
100833.34941731303



# name: <cell-element>
# type: scalar
112133.33309098522






# name: <cell-element>
# type: cell
# rows: 1
# columns: 2
# name: <cell-element>
# type: scalar
100833.25873218707



# name: <cell-element>
# type: scalar
112133.51265693907






# name: <cell-element>
# type: cell
# rows: 1
# columns: 2
# name: <cell-element>
# type: scalar
100833.24816224941



# name: <cell-element>
# type: scalar
112133.37501936767






# name: <cell-element>
# type: cell
# rows: 1
# columns: 2
# name: <cell-element>
# type: scalar
100833.2889815021



# name: <cell-element>
# type: scalar
112133.47938921369






# name: <cell-element>
# type: cell
# rows: 1
# columns: 2
# name: <cell-element>
# type: scalar
100833.34407668954



# name: <cell-element>
# type: scalar
112133.33579363962






# name: <cell-element>
# type: cell
# rows: 1
# columns: 2
# name: <cell-element>
# type: scalar
100833.34634654291



# name: <cell-element>
# type: scalar
112133.33489348181






# name: <cell-element>
# type: cell
# rows: 1
# columns: 2
# name: <cell-element>
# type: scalar
100833.34150687853



# name: <cell-element>
# type: scalar
112133.33551999662






# name: <cell-element>
# type: cell
# rows: 1
# columns: 2
# name: <cell-element>
# type: scalar
100833.26505921537



# name: <cell-element>
# type: scalar
112133.43786199356






# name: <cell-element>
# type: cell
# rows: 1
# columns: 2
# name: <cell-element>
# type: scalar
100833.27110848519



# name: <cell-element>
# type: scalar
112133.49008340534






# name: <cell-element>
# type: cell
# rows: 1
# columns: 2
# name: <cell-element>
# type: scalar
100833.28569554081



# name: <cell-element>
# type: scalar
112133.48740483954






# name: <cell-element>
# type: cell
# rows: 1
# columns: 2
# name: <cell-element>
# type: scalar
100833.35078726991



# name: <cell-element>
# type: scalar
112133.33262401339






# name: <cell-element>
# type: cell
# rows: 1
# columns: 2
# name: <cell-element>
# type: scalar
100833.34323571561



# name: <cell-element>
# type: scalar
112133.33530711915






# name: <cell-element>
# type: cell
# rows: 1
# columns: 2
# name: <cell-element>
# type: scalar
100833.31214239571



# name: <cell-element>
# type: scalar
112133.32973632014






# name: <cell-element>
# type: cell
# rows: 1
# columns: 2
# name: <cell-element>
# type: scalar
100833.27181942882



# name: <cell-element>
# type: scalar
112133.48938094327






# name: <cell-element>
# type: cell
# rows: 1
# columns: 2
# name: <cell-element>
# type: scalar
100833.2606485241



# name: <cell-element>
# type: scalar
112133.52071221154






# name: <cell-element>
# type: cell
# rows: 1
# columns: 2
# name: <cell-element>
# type: scalar
100833.34317021631



# name: <cell-element>
# type: scalar
112133.33545523223






# name: <cell-element>
# type: cell
# rows: 1
# columns: 2
# name: <cell-element>
# type: scalar
100833.28041329724



# name: <cell-element>
# type: scalar
112133.49311674674






# name: <cell-element>
# type: cell
# rows: 1
# columns: 2
# name: <cell-element>
# type: scalar
100833.34738826187



# name: <cell-element>
# type: scalar
112133.33332318356








# name: T
# type: matrix
# rows: 20
# columns: 1
 13.663908004760742
 10.270370006561279
 8.8801507949829102
 9.9358768463134766
 8.4462080001831055
 8.7757658958435059
 8.5040428638458252
 10.660326957702637
 12.015541076660156
 14.22097110748291
 14.166286945343018
 15.944452047348022
 10.282891988754272
 8.98801589012146
 8.4435391426086426
 13.656196117401123
 13.437999963760376
 10.917953014373779
 11.873553991317749
 8.8764240741729736


# name: I
# type: matrix
# rows: 20
# columns: 1
 20
 22
 22
 20
 21
 20
 22
 22
 22
 20
 20
 20
 22
 22
 21
 20
 20
 22
 20
 22


# name: mat_ne
# type: global cell
# rows: 1
# columns: 2
# name: <cell-element>
# type: cell
# rows: 1
# columns: 20
# name: <cell-element>
# type: matrix
# rows: 4
# columns: 3
 91.66650879273584 91.66652057133561 91.666523954111611
 91.666535580305222 91.666510561842628 91.666501904021317
 91.6665273826614 91.66651997508869 91.666537956387785
 91.666535235306441 91.666502319501106 91.66651550222754



# name: <cell-element>
# type: matrix
# rows: 4
# columns: 3
 91.666663141535992 91.666669882172869 91.666669239701164
 91.6666630244071 91.666667406172493 91.666667190093975
 91.666670866821576 91.666665667455803 91.666672342443917
 91.666657523159643 91.66666936595449 91.666674502682298



# name: <cell-element>
# type: matrix
# rows: 4
# columns: 3
 91.666662688847481 91.666665605938093 91.666659258127851
 91.666673603934086 91.666667751076432 91.666663932947401
 91.666673656058549 91.666670884429323 91.666660924613865
 91.666676411185165 91.666669569676941 91.66665822018787



# name: <cell-element>
# type: matrix
# rows: 4
# columns: 3
 91.666521615443258 91.666516512278321 91.666509533057223
 91.666542028107699 91.666509936116498 91.66650646982923
 91.666501104727786 91.666513289670277 91.666498791822306
 91.666511595218935 91.666519675011685 91.666494377663611



# name: <cell-element>
# type: matrix
# rows: 4
# columns: 3
 91.666623847765038 91.666629503976992 91.66663162063864
 91.66663214498476 91.666640435142369 91.666632936762838
 91.666622088982095 91.666628714221247 91.666635765995238
 91.666630311292693 91.666632638150958 91.666628756844403



# name: <cell-element>
# type: matrix
# rows: 4
# columns: 3
 91.666545890305542 91.666552312740578 91.666537500819132
 91.66653424295933 91.66652804674942 91.666536416565933
 91.666575805549698 91.666551271597029 91.666515154982719
 91.666532586698324 91.666548016250943 91.666531832309971



# name: <cell-element>
# type: matrix
# rows: 4
# columns: 3
 91.666671081152003 91.666667615923089 91.666663986037946
 91.666664429990078 91.666659986048145 91.666660333709871
 91.666663643256697 91.666665841892126 91.666664205384919
 91.666659426660104 91.666668928961386 91.666665069523347



# name: <cell-element>
# type: matrix
# rows: 4
# columns: 3
 91.66666661530077 91.666662706517116 91.666669731932004
 91.666673232725145 91.666676778320692 91.666657212686786
 91.666683196294329 91.666659821682373 91.666662299905369
 91.666648370765145 91.666666244853587 91.666657649529057



# name: <cell-element>
# type: matrix
# rows: 4
# columns: 3
 91.666666903456289 91.666664618612387 91.666665182955867
 91.666661653753053 91.666665203804001 91.666664104866655
 91.6666630861031 91.666666970486787 91.666663127199229
 91.666664856778681 91.666661178961874 91.666670492357369



# name: <cell-element>
# type: matrix
# rows: 4
# columns: 3
 91.666568427372894 91.666585286708369 91.666605648035528
 91.666560022821287 91.666579019108809 91.666603522001438
 91.666587563849276 91.666547969683776 91.666569851306392
 91.666549819984667 91.666595950393642 91.666565587989965



# name: <cell-element>
# type: matrix
# rows: 4
# columns: 3
 91.666530271562465 91.666515975166632 91.666535154303304
 91.666523118988152 91.666537210251988 91.666541311400678
 91.666539350901118 91.666525886145109 91.66653379902597
 91.666534976643959 91.666527408861143 91.666533984831915



