# Created by Octave 5.2.0, Sun Jun 21 15:54:19 2020 IST <nalin@nalinspc>
# name: N1
# type: global scalar
0


# name: N2
# type: global scalar
0


# name: N3
# type: global scalar
4


# name: M
# type: global scalar
3


# name: all_payoffs
# type: cell
# rows: 1
# columns: 25
# name: <cell-element>
# type: cell
# rows: 1
# columns: 2
# name: <cell-element>
# type: scalar
105055.45290208208



# name: <cell-element>
# type: scalar
109840.4646213603






# name: <cell-element>
# type: cell
# rows: 1
# columns: 2
# name: <cell-element>
# type: scalar
105055.44611530384



# name: <cell-element>
# type: scalar
109840.47106770991






# name: <cell-element>
# type: cell
# rows: 1
# columns: 2
# name: <cell-element>
# type: scalar
105055.4596284446



# name: <cell-element>
# type: scalar
109840.47073992901






# name: <cell-element>
# type: cell
# rows: 1
# columns: 2
# name: <cell-element>
# type: scalar
105055.48501651466



# name: <cell-element>
# type: scalar
109840.44715567588






# name: <cell-element>
# type: cell
# rows: 1
# columns: 2
# name: <cell-element>
# type: scalar
105055.49303290542



# name: <cell-element>
# type: scalar
109840.45580392973






# name: <cell-element>
# type: cell
# rows: 1
# columns: 2
# name: <cell-element>
# type: scalar
105055.48512040448



# name: <cell-element>
# type: scalar
109840.44620791274






# name: <cell-element>
# type: cell
# rows: 1
# columns: 2
# name: <cell-element>
# type: scalar
105055.52924029141



# name: <cell-element>
# type: scalar
109840.42083510169






# name: <cell-element>
# type: cell
# rows: 1
# columns: 2
# name: <cell-element>
# type: scalar
105055.574789238



# name: <cell-element>
# type: scalar
109840.40103763627






# name: <cell-element>
# type: cell
# rows: 1
# columns: 2
# name: <cell-element>
# type: scalar
105055.71679581612



# name: <cell-element>
# type: scalar
109840.33073535324






# name: <cell-element>
# type: cell
# rows: 1
# columns: 2
# name: <cell-element>
# type: scalar
105054.97515472198



# name: <cell-element>
# type: scalar
109840.7191396057






# name: <cell-element>
# type: cell
# rows: 1
# columns: 2
# name: <cell-element>
# type: scalar
105049.01783445317



# name: <cell-element>
# type: scalar
109843.88683571972






# name: <cell-element>
# type: cell
# rows: 1
# columns: 2
# name: <cell-element>
# type: scalar
105055.00032916089



# name: <cell-element>
# type: scalar
109840.69937489068






# name: <cell-element>
# type: cell
# rows: 1
# columns: 2
# name: <cell-element>
# type: scalar
105055.01260040163



# name: <cell-element>
# type: scalar
109840.69697137375






# name: <cell-element>
# type: cell
# rows: 1
# columns: 2
# name: <cell-element>
# type: scalar
105055.04813241313



# name: <cell-element>
# type: scalar
109840.67303225936






# name: <cell-element>
# type: cell
# rows: 1
# columns: 2
# name: <cell-element>
# type: scalar
105055.02556043331



# name: <cell-element>
# type: scalar
109840.68656549523






# name: <cell-element>
# type: cell
# rows: 1
# columns: 2
# name: <cell-element>
# type: scalar
105055.02738970878



# name: <cell-element>
# type: scalar
109840.68738828482






# name: <cell-element>
# type: cell
# rows: 1
# columns: 2
# name: <cell-element>
# type: scalar
105054.92445988841



# name: <cell-element>
# type: scalar
109840.74753530993






# name: <cell-element>
# type: cell
# rows: 1
# columns: 2
# name: <cell-element>
# type: scalar
105054.95247104962



# name: <cell-element>
# type: scalar
109840.72548749851






# name: <cell-element>
# type: cell
# rows: 1
# columns: 2
# name: <cell-element>
# type: scalar
105055.15600887685



# name: <cell-element>
# type: scalar
109840.62218508573






# name: <cell-element>
# type: cell
# rows: 1
# columns: 2
# name: <cell-element>
# type: scalar
105054.95242652355



# name: <cell-element>
# type: scalar
109840.7229843903






# name: <cell-element>
# type: cell
# rows: 1
# columns: 2
# name: <cell-element>
# type: scalar
105054.91407465097



# name: <cell-element>
# type: scalar
109840.75137649149






# name: <cell-element>
# type: cell
# rows: 1
# columns: 2
# name: <cell-element>
# type: scalar
105055.04289270969



# name: <cell-element>
# type: scalar
109840.68091281471






# name: <cell-element>
# type: cell
# rows: 1
# columns: 2
# name: <cell-element>
# type: scalar
105050.16623993023



# name: <cell-element>
# type: scalar
109843.23599890986






# name: <cell-element>
# type: cell
# rows: 1
# columns: 2
# name: <cell-element>
# type: scalar
105054.90221466354



# name: <cell-element>
# type: scalar
109840.75044346042






# name: <cell-element>
# type: cell
# rows: 1
# columns: 2
# name: <cell-element>
# type: scalar
105054.9852595202



# name: <cell-element>
# type: scalar
109840.71012048033








# name: T
# type: matrix
# rows: 25
# columns: 1
 31.795322895050049
 32.207163095474243
 23.710141897201538
 33.169117212295532
 31.658236980438232
 30.924231052398682
 19.969974040985107
 24.396838903427124
 24.313011884689331
 17.065026044845581
 12.019206047058105
 22.185785055160522
 22.208502054214478
 18.359247922897339
 25.480395078659058
 25.703755855560303
 24.630178928375244
 22.849752187728882
 28.748613119125366
 20.518764019012451
 15.011393070220947
 25.937607049942017
 15.208688974380493
 17.807737112045288
 19.640704870223999


# name: I
# type: matrix
# rows: 25
# columns: 1
 33
 39
 37
 37
 33
 35
 29
 35
 39
 23
 10
 25
 29
 33
 33
 23
 27
 21
 33
 29
 19
 21
 12
 29
 21


# name: mat_ne
# type: global cell
# rows: 1
# columns: 2
# name: <cell-element>
# type: cell
# rows: 1
# columns: 25
# name: <cell-element>
# type: matrix
# rows: 4
# columns: 3
 93.095263169428875 93.139761957979971 93.118296683596398
 93.671417451509328 93.665105471464301 93.674582957918659
 94.246529304966188 92.841204805761308 93.982895231656144
 93.574797558437226 93.930965440943439 93.842036447983403



# name: <cell-element>
# type: matrix
# rows: 4
# columns: 3
 93.095341883299341 93.139795073979286 93.11824867369225
 93.671185915291716 93.664965016885148 93.674495498968483
 94.246504565475021 92.841184588475215 93.983139281960206
 93.574793125812846 93.93102612357184 93.842109211294115



# name: <cell-element>
# type: matrix
# rows: 4
# columns: 3
 93.095338497231367 93.139856352549245 93.118347375231494
 93.671006714037745 93.664927206740174 93.674441797508265
 94.246633934170987 92.841284082857101 93.983032105084504
 93.574853820213988 93.93095327204415 93.84211401463088



# name: <cell-element>
# type: matrix
# rows: 4
# columns: 3
 93.09534530074626 93.139905068968233 93.118431904075322
 93.670568853461333 93.664722950625546 93.674330302944071
 94.246605956682941 92.841644696340353 93.983221600814957
 93.575006453266639 93.931237763226591 93.842016596255831



# name: <cell-element>
# type: matrix
# rows: 4
# columns: 3
 93.095446841670224 93.140014061507429 93.118426702148852
 93.670172761400025 93.664668510682503 93.67412608453327
 94.246656157909413 92.841705538093166 93.983396837367849
 93.574985776730159 93.931102810520386 93.842240159058747



# name: <cell-element>
# type: matrix
# rows: 4
# columns: 3
 93.095482296390173 93.140067743149842 93.118420971587895
 93.670654771890113 93.664570369444604 93.674230808651345
 94.246329320908998 92.841478949765047 93.983564429741094
 93.574748723851911 93.931263082262248 93.842235835917933



# name: <cell-element>
# type: matrix
# rows: 4
# columns: 3
 93.095612341324497 93.140210741923013 93.118477963632756
 93.670427214599613 93.664471469720326 93.674175748983828
 94.246307598373349 92.841790117603082 93.983649254262644
 93.57470846861203 93.931231637635634 93.842249053432013



