# Created by Octave 5.2.0, Sun Jun 21 15:44:33 2020 IST <nalin@nalinspc>
# name: N1
# type: global scalar
0


# name: N2
# type: global scalar
0


# name: N3
# type: global scalar
4


# name: M
# type: global scalar
3


# name: all_payoffs
# type: cell
# rows: 1
# columns: 25
# name: <cell-element>
# type: cell
# rows: 1
# columns: 2
# name: <cell-element>
# type: scalar
100833.34350387339



# name: <cell-element>
# type: scalar
112133.33595574117






# name: <cell-element>
# type: cell
# rows: 1
# columns: 2
# name: <cell-element>
# type: scalar
100833.28088230264



# name: <cell-element>
# type: scalar
112133.47950535174






# name: <cell-element>
# type: cell
# rows: 1
# columns: 2
# name: <cell-element>
# type: scalar
100833.29087203919



# name: <cell-element>
# type: scalar
112133.46148687365






# name: <cell-element>
# type: cell
# rows: 1
# columns: 2
# name: <cell-element>
# type: scalar
100833.29118744048



# name: <cell-element>
# type: scalar
112133.42983371002






# name: <cell-element>
# type: cell
# rows: 1
# columns: 2
# name: <cell-element>
# type: scalar
100833.3020849762



# name: <cell-element>
# type: scalar
112133.41971791878






# name: <cell-element>
# type: cell
# rows: 1
# columns: 2
# name: <cell-element>
# type: scalar
100833.19697118294



# name: <cell-element>
# type: scalar
112133.40419275363






# name: <cell-element>
# type: cell
# rows: 1
# columns: 2
# name: <cell-element>
# type: scalar
100833.25967126421



# name: <cell-element>
# type: scalar
112133.51787610831






# name: <cell-element>
# type: cell
# rows: 1
# columns: 2
# name: <cell-element>
# type: scalar
100833.16262248994



# name: <cell-element>
# type: scalar
112133.41095103786






# name: <cell-element>
# type: cell
# rows: 1
# columns: 2
# name: <cell-element>
# type: scalar
100833.31404019667



# name: <cell-element>
# type: scalar
112133.40494130211






# name: <cell-element>
# type: cell
# rows: 1
# columns: 2
# name: <cell-element>
# type: scalar
100833.32152310642



# name: <cell-element>
# type: scalar
112133.31856941689






# name: <cell-element>
# type: cell
# rows: 1
# columns: 2
# name: <cell-element>
# type: scalar
100833.37903975886



# name: <cell-element>
# type: scalar
112133.19030761067






# name: <cell-element>
# type: cell
# rows: 1
# columns: 2
# name: <cell-element>
# type: scalar
100833.32456745041



# name: <cell-element>
# type: scalar
112133.31912794188






# name: <cell-element>
# type: cell
# rows: 1
# columns: 2
# name: <cell-element>
# type: scalar
100833.35306089511



# name: <cell-element>
# type: scalar
112133.26156702248






# name: <cell-element>
# type: cell
# rows: 1
# columns: 2
# name: <cell-element>
# type: scalar
100833.40331911946



# name: <cell-element>
# type: scalar
112133.30008238877






# name: <cell-element>
# type: cell
# rows: 1
# columns: 2
# name: <cell-element>
# type: scalar
100833.36711979087



# name: <cell-element>
# type: scalar
112133.23650810267






# name: <cell-element>
# type: cell
# rows: 1
# columns: 2
# name: <cell-element>
# type: scalar
100833.39229084564



# name: <cell-element>
# type: scalar
112133.16637856892






# name: <cell-element>
# type: cell
# rows: 1
# columns: 2
# name: <cell-element>
# type: scalar
100833.38416727126



# name: <cell-element>
# type: scalar
112133.18606807644






# name: <cell-element>
# type: cell
# rows: 1
# columns: 2
# name: <cell-element>
# type: scalar
100833.3977088918



# name: <cell-element>
# type: scalar
112133.19042563398






# name: <cell-element>
# type: cell
# rows: 1
# columns: 2
# name: <cell-element>
# type: scalar
100833.40746914242



# name: <cell-element>
# type: scalar
112133.15861834593






# name: <cell-element>
# type: cell
# rows: 1
# columns: 2
# name: <cell-element>
# type: scalar
100833.38323910651



# name: <cell-element>
# type: scalar
112133.19114132665






# name: <cell-element>
# type: cell
# rows: 1
# columns: 2
# name: <cell-element>
# type: scalar
100833.38575206004



# name: <cell-element>
# type: scalar
112133.19583826844






# name: <cell-element>
# type: cell
# rows: 1
# columns: 2
# name: <cell-element>
# type: scalar
100833.39037996483



# name: <cell-element>
# type: scalar
112133.18267344827






# name: <cell-element>
# type: cell
# rows: 1
# columns: 2
# name: <cell-element>
# type: scalar
100833.38596015809



# name: <cell-element>
# type: scalar
112133.18730190069






# name: <cell-element>
# type: cell
# rows: 1
# columns: 2
# name: <cell-element>
# type: scalar
100833.41500618758



# name: <cell-element>
# type: scalar
112133.16352119611






# name: <cell-element>
# type: cell
# rows: 1
# columns: 2
# name: <cell-element>
# type: scalar
100833.37528407437



# name: <cell-element>
# type: scalar
112133.2188751567








# name: T
# type: matrix
# rows: 25
# columns: 1
 10.978739976882935
 8.3814558982849121
 8.3915460109710693
 8.7566771507263184
 8.3338589668273926
 7.6671991348266602
 6.8192470073699951
 6.3804221153259277
 5.8980429172515869
 5.8520469665527344
 6.9629161357879639
 7.7581360340118408
 7.7003979682922363
 7.530059814453125
 7.775291919708252
 8.4174768924713135
 8.1820738315582275
 7.9118602275848389
 7.8899550437927246
 11.825070142745972
 12.579138994216919
 9.3396129608154297
 7.8877899646759033
 7.4811568260192871
 7.3375098705291748


# name: I
# type: matrix
# rows: 25
# columns: 1
 22
 20
 20
 20
 20
 19
 18
 17
 16
 18
 18
 20
 20
 19
 20
 20
 20
 20
 20
 20
 20
 20
 20
 20
 20


# name: mat_ne
# type: global cell
# rows: 1
# columns: 2
# name: <cell-element>
# type: cell
# rows: 1
# columns: 25
# name: <cell-element>
# type: matrix
# rows: 4
# columns: 3
 91.666659632594616 91.666668241286189 91.666656711723377
 91.666665823519963 91.666667409824015 91.666663074177151
 91.666665887972968 91.666661518570734 91.666667042895071
 91.666661190670524 91.66666444878048 91.666671889614264



# name: <cell-element>
# type: matrix
# rows: 4
# columns: 3
 91.666529045889504 91.66652810992484 91.666542817955033
 91.666545344648881 91.666527767507134 91.666545419613698
 91.666533663290295 91.666532564025857 91.666547026962746
 91.666552197914925 91.666543877122493 91.666560041266791



# name: <cell-element>
# type: matrix
# rows: 4
# columns: 3
 91.666544816341698 91.666567816151584 91.666556569851736
 91.666536535658111 91.666564768015576 91.666563846831977
 91.666540445439182 91.666569347742609 91.666551249700774
 91.666571066507629 91.6665466318006 91.666561180019102



# name: <cell-element>
# type: matrix
# rows: 4
# columns: 3
 91.666592446125932 91.666582007997619 91.666585921549071
 91.666572897294884 91.66658257953803 91.666603253299314
 91.666562226140641 91.666602179653225 91.666577440760747
 91.666567669458601 91.666584728805731 91.666588369834272



# name: <cell-element>
# type: matrix
# rows: 4
# columns: 3
 91.666594356981321 91.666586728320112 91.666593510650841
 91.66659821191837 91.666585126906682 91.666603515247132
 91.666589785626044 91.666593132645176 91.666586686805303
 91.666586737596276 91.666592975192671 91.666595598618756



# name: <cell-element>
# type: matrix
# rows: 4
# columns: 3
 91.666608605392582 91.666618053347449 91.666601014137726
 91.666622747876517 91.666593114004598 91.666594097670753
 91.666607599109952 91.666632684935948 91.666586115300689
 91.666602399171353 91.666610845123046 91.666589694439224



# name: <cell-element>
# type: matrix
# rows: 4
# columns: 3
 91.666500070360598 91.666521961366144 91.666525698922456
 91.666507680649204 91.666511907987967 91.666500744551612
 91.666485430660273 91.666507684497759 91.666546077160632
 91.666490581363945 91.66649628855042 91.66649681150966



