# Created by Octave 5.2.0, Sun Jun 21 15:43:21 2020 IST <nalin@nalinspc>
# name: N1
# type: global scalar
0


# name: N2
# type: global scalar
0


# name: N3
# type: global scalar
4


# name: M
# type: global scalar
3


# name: beta
# type: global matrix
# rows: 4
# columns: 3
 300 300 300
 300 300 300
 300 300 300
 300 300 300


# name: delta
# type: global matrix
# rows: 4
# columns: 3
 1 1 1
 1 1 1
 1 1 1
 1 1 1


# name: c
# type: global cell
# rows: 1
# columns: 2
# name: <cell-element>
# type: matrix
# rows: 4
# columns: 3
 20 20 20
 20 20 20
 20 20 20
 20 20 20



# name: <cell-element>
# type: matrix
# rows: 4
# columns: 3
 15 15 15
 15 15 15
 15 15 15
 15 15 15





# name: A_u
# type: global matrix
# rows: 0
# columns: 0


# name: A_v
# type: global matrix
# rows: 0
# columns: 0


# name: A_s
# type: global matrix
# rows: 0
# columns: 0


# name: b
# type: global matrix
# rows: 0
# columns: 0


# name: alpha
# type: global cell
# rows: 1
# columns: 2
# name: <cell-element>
# type: scalar
0.90000000000000002



# name: <cell-element>
# type: scalar
0.90000000000000002





# name: x_min
# type: global cell
# rows: 1
# columns: 2
# name: <cell-element>
# type: matrix
# rows: 4
# columns: 3
 56 56 56
 56 56 56
 56 56 56
 56 56 56



# name: <cell-element>
# type: matrix
# rows: 4
# columns: 3
 57 57 57
 57 57 57
 57 57 57
 57 57 57





# name: x_max
# type: global cell
# rows: 1
# columns: 2
# name: <cell-element>
# type: matrix
# rows: 4
# columns: 3
 200.63088126480579 206.1236172914505 201.3874788582325
 201.66561752557755 200.36888927221298 203.77881944179535
 202.26309955120087 203.69086682796478 203.75022381544113
 209.24468994140625 202.24428445100784 200.13536460697651



# name: <cell-element>
# type: matrix
# rows: 4
# columns: 3
 209.51996743679047 202.78528451919556 203.02859306335449
 207.19062566757202 205.80140471458435 202.93571472167969
 204.39593195915222 202.78497457504272 202.75353938341141
 204.23576295375824 205.60587406158447 203.15384119749069





# name: x_initial
# type: cell
# rows: 1
# columns: 2
# name: <cell-element>
# type: matrix
# rows: 4
# columns: 3
 173.53652715682983 173.53652715682983 173.53652715682983
 173.53652715682983 173.53652715682983 173.53652715682983
 173.53652715682983 173.53652715682983 173.53652715682983
 173.53652715682983 173.53652715682983 173.53652715682983



# name: <cell-element>
# type: matrix
# rows: 4
# columns: 3
 173.66592168807983 173.66592168807983 173.66592168807983
 173.66592168807983 173.66592168807983 173.66592168807983
 173.66592168807983 173.66592168807983 173.66592168807983
 173.66592168807983 173.66592168807983 173.66592168807983





# name: x
# type: global cell
# rows: 1
# columns: 2
# name: <cell-element>
# type: matrix
# rows: 4
# columns: 3
 91.666785873094568 91.666807851618472 91.666811979797643
 91.666762383049928 91.666793913078905 91.666795722591587
 91.666815712465649 91.666772226563737 91.666794450435646
 91.666783008523524 91.666810669728264 91.666789643213093



# name: <cell-element>
# type: matrix
# rows: 4
# columns: 3
 96.666624253422796 96.666613021992404 96.666612841089574
 96.666629769873509 96.666624727459606 96.666620358697216
 96.666612977487389 96.666624634913262 96.666622199943063
 96.666620602344608 96.666613562463567 96.666626496899184





# name: w
# type: matrix
# rows: 32
# columns: 1
 4.518160109431375
 4.5181598531766429
 4.5181604349513105
 4.5181600781815492
 4.5181603491967497
 4.518160197140177
 4.518159960560312
 4.5181603799397179
 4.5181603942313613
 4.5181602168802879
 4.5181602030022425
 4.5181601505598863
 0.2500000000007403
 0.24999999999902686
 0.24999999999983105
 0.25000000000040179
 4.5712681955546186
 4.5712682526213735
 4.5712680789069529
 4.5712681577848269
 4.5712680793673499
 4.5712682004584497
 4.5712681995010733
 4.571268084958434
 4.5712680774959402
 4.5712681552643355
 4.5712681743117152
 4.5712682187630049
 0.2499999999999219
 0.24999999999965455
 0.25000000000029954
 0.25000000000012407


# name: payoffs_history
# type: cell
# rows: 1
# columns: 2
# name: <cell-element>
# type: matrix
# rows: 1
# columns: 21
 -139944.95506776145 33824.500625159111 73583.997944767558 82170.74695673096 95452.127272220197 95988.799497796426 99577.481139151321 99611.023188368199 100525.08437950519 100527.181306453 100756.61557242458 100756.74652710892 100814.1972238598 100814.2054148255 100829.06685096229 100829.0674156974 100832.07621978465 100832.07624978508 100833.47665030301 100833.47665205746 100833.38416727126



# name: <cell-element>
# type: matrix
# rows: 1
# columns: 21
 -129629.34731888238 115315.72451576911 157322.99999088084 120568.50033853452 122715.18866784818 114599.90559932246 114734.07339995792 112772.33559908925 112780.72103161861 112294.43668280661 112294.96030299392 112173.69751629986 112173.73024760843 112143.54568277899 112143.54770359173 112135.84116530267 112135.84125938211 112133.70158379257 112133.70159461984 112133.18606802616 112133.18606807644





# name: total_iter
# type: scalar
20


# name: opti
# type: cell
# rows: 1
# columns: 2
# name: <cell-element>
# type: matrix
# rows: 29
# columns: 1
 0
 0.2500000000007403
 0.24999999999902686
 0.24999999999983105
 0.25000000000040179
 35.666785873094568
 35.666762383049928
 35.666815712465649
 35.666783008523524
 35.666807851618472
 35.666793913078905
 35.666772226563737
 35.666810669728264
 35.666811979797643
 35.666795722591587
 35.666794450435646
 35.666789643213093
 108.96409539171123
 109.99885514252762
 110.59628383873522
 117.57790693288273
 114.45680943983203
 108.70209535913408
 112.02409460140105
 110.57747378127958
 109.72066687843486
 112.11202371920376
 112.08342936500549
 108.46857496376342



# name: <cell-element>
# type: matrix
# rows: 29
# columns: 1
 0
 0.2499999999999219
 0.24999999999965455
 0.25000000000029954
 0.25000000000012407
 39.666624253422796
 39.666629769873509
 39.666612977487389
 39.666620602344608
 39.666613021992404
 39.666624727459606
 39.666624634913262
 39.666613562463567
 39.666612841089574
 39.666620358697216
 39.666622199943063
 39.666626496899184
 112.85334318336767
 110.52399589769851
 107.72931898166483
 107.56914235141363
 106.11867149720315
 109.13477998712474
 106.11834994012946
 108.93926049912091
 106.36198022226492
 106.26909436298247
 106.08691718346834
 106.48721470059151





