# Created by Octave 5.2.0, Sun Jun 21 15:42:09 2020 IST <nalin@nalinspc>
# name: N1
# type: global scalar
0


# name: N2
# type: global scalar
0


# name: N3
# type: global scalar
4


# name: M
# type: global scalar
3


# name: beta
# type: global matrix
# rows: 4
# columns: 3
 300 300 300
 300 300 300
 300 300 300
 300 300 300


# name: delta
# type: global matrix
# rows: 4
# columns: 3
 1 1 1
 1 1 1
 1 1 1
 1 1 1


# name: c
# type: global cell
# rows: 1
# columns: 2
# name: <cell-element>
# type: matrix
# rows: 4
# columns: 3
 20 20 20
 20 20 20
 20 20 20
 20 20 20



# name: <cell-element>
# type: matrix
# rows: 4
# columns: 3
 15 15 15
 15 15 15
 15 15 15
 15 15 15





# name: A_u
# type: global matrix
# rows: 0
# columns: 0


# name: A_v
# type: global matrix
# rows: 0
# columns: 0


# name: A_s
# type: global matrix
# rows: 0
# columns: 0


# name: b
# type: global matrix
# rows: 0
# columns: 0


# name: alpha
# type: global cell
# rows: 1
# columns: 2
# name: <cell-element>
# type: scalar
0.90000000000000002



# name: <cell-element>
# type: scalar
0.90000000000000002





# name: x_min
# type: global cell
# rows: 1
# columns: 2
# name: <cell-element>
# type: matrix
# rows: 4
# columns: 3
 56 56 56
 56 56 56
 56 56 56
 56 56 56



# name: <cell-element>
# type: matrix
# rows: 4
# columns: 3
 57 57 57
 57 57 57
 57 57 57
 57 57 57





# name: x_max
# type: global cell
# rows: 1
# columns: 2
# name: <cell-element>
# type: matrix
# rows: 4
# columns: 3
 200.63088126480579 206.1236172914505 201.3874788582325
 201.66561752557755 200.36888927221298 203.77881944179535
 202.26309955120087 203.69086682796478 203.75022381544113
 209.24468994140625 202.24428445100784 200.13536460697651



# name: <cell-element>
# type: matrix
# rows: 4
# columns: 3
 209.51996743679047 202.78528451919556 203.02859306335449
 207.19062566757202 205.80140471458435 202.93571472167969
 204.39593195915222 202.78497457504272 202.75353938341141
 204.23576295375824 205.60587406158447 203.15384119749069





# name: x_initial
# type: cell
# rows: 1
# columns: 2
# name: <cell-element>
# type: matrix
# rows: 4
# columns: 3
 73.536527156829834 73.536527156829834 73.536527156829834
 73.536527156829834 73.536527156829834 73.536527156829834
 73.536527156829834 73.536527156829834 73.536527156829834
 73.536527156829834 73.536527156829834 73.536527156829834



# name: <cell-element>
# type: matrix
# rows: 4
# columns: 3
 73.665921688079834 73.665921688079834 73.665921688079834
 73.665921688079834 73.665921688079834 73.665921688079834
 73.665921688079834 73.665921688079834 73.665921688079834
 73.665921688079834 73.665921688079834 73.665921688079834





# name: x
# type: global cell
# rows: 1
# columns: 2
# name: <cell-element>
# type: matrix
# rows: 4
# columns: 3
 91.666500070360598 91.666521961366144 91.666525698922456
 91.666507680649204 91.666511907987967 91.666500744551612
 91.666485430660273 91.666507684497759 91.666546077160632
 91.666490581363945 91.66649628855042 91.66649681150966



# name: <cell-element>
# type: matrix
# rows: 4
# columns: 3
 96.66674430719047 96.666728293638528 96.666717436832101
 96.666737541442643 96.666722594994724 96.666739204200226
 96.666748853388611 96.666725937157665 96.666719451856409
 96.666739743451032 96.666734491810345 96.666745728311071





# name: w
# type: matrix
# rows: 32
# columns: 1
 4.5181569915825621
 4.5181570746040398
 4.5181568318764374
 4.5181568880660414
 4.5181572303939372
 4.5181571207205415
 4.518157074646024
 4.5181569503263752
 4.5181572711673423
 4.5181569989373864
 4.5181574934757123
 4.5181569560313957
 0.24999999999998956
 0.25000000000000533
 0.24999999999999042
 0.25000000000001482
 4.5712694374899199
 4.5712693674994789
 4.571269484519517
 4.571269390278859
 4.5712692718326053
 4.5712692128811536
 4.5712692474552323
 4.5712693359515812
 4.5712691595208801
 4.5712693847004067
 4.571269180365948
 4.5712694521911557
 0.24999999999999795
 0.25000000000000056
 0.24999999999999359
 0.25000000000000788


# name: payoffs_history
# type: cell
# rows: 1
# columns: 2
# name: <cell-element>
# type: matrix
# rows: 1
# columns: 19
 117185.6487225216 127721.25561848839 106364.99070208694 107257.73617932544 102365.03529220558 102420.83204848065 101225.56102688231 101229.04831405907 100931.9763695127 100932.19431191569 100858.01992831487 100858.03357188405 100839.83764762734 100839.83848709392 100835.18449864215 100835.18453869308 100833.19283915318 100833.1928436274 100833.25967126421



# name: <cell-element>
# type: matrix
# rows: 1
# columns: 19
 121811.80334640073 95618.693420764568 99189.674223409136 108599.83448472395 108823.02106319573 111287.15593148211 111301.10501407715 111924.11591026181 111924.98774965375 112081.14758882902 112081.20206730088 112120.18885125555 112120.19223291171 112130.22574043382 112130.22599029497 112132.6968252473 112132.69684736969 112133.51787607954 112133.51787610831





# name: total_iter
# type: scalar
18


# name: opti
# type: cell
# rows: 1
# columns: 2
# name: <cell-element>
# type: matrix
# rows: 29
# columns: 1
 -2.2204460492503131e-16
 0.24999999999998956
 0.25000000000000533
 0.24999999999999042
 0.25000000000001482
 35.666500070360598
 35.666507680649204
 35.666485430660273
 35.666490581363945
 35.666521961366144
 35.666511907987967
 35.666507684497759
 35.66649628855042
 35.666525698922456
 35.666500744551612
 35.666546077160632
 35.66649681150966
 108.9643811944452
 109.99910984492834
 110.59661412054059
 117.5781993600423
 114.45709533008436
 108.70237736422501
 112.02435914346702
 110.57778816245742
 109.72095315931004
 112.11231869724374
 112.0836777382805
 108.46886779546685



# name: <cell-element>
# type: matrix
# rows: 29
# columns: 1
 0
 0.24999999999999795
 0.25000000000000056
 0.24999999999999359
 0.25000000000000788
 39.66674430719047
 39.666737541442643
 39.666748853388611
 39.666739743451032
 39.666728293638528
 39.666722594994724
 39.666725937157665
 39.666734491810345
 39.666717436832101
 39.666739204200226
 39.666719451856409
 39.666745728311071
 112.8532231296
 110.52388812612938
 107.72918310576361
 107.56902321030721
 106.11855622555703
 109.13468211958963
 106.11824863788506
 108.93913956977413
 106.36187562652239
 106.26897551747946
 106.086819931555
 106.48709546917962





