# Created by Octave 5.2.0, Sun Jun 21 15:42:49 2020 IST <nalin@nalinspc>
# name: N1
# type: global scalar
0


# name: N2
# type: global scalar
0


# name: N3
# type: global scalar
4


# name: M
# type: global scalar
3


# name: beta
# type: global matrix
# rows: 4
# columns: 3
 300 300 300
 300 300 300
 300 300 300
 300 300 300


# name: delta
# type: global matrix
# rows: 4
# columns: 3
 1 1 1
 1 1 1
 1 1 1
 1 1 1


# name: c
# type: global cell
# rows: 1
# columns: 2
# name: <cell-element>
# type: matrix
# rows: 4
# columns: 3
 20 20 20
 20 20 20
 20 20 20
 20 20 20



# name: <cell-element>
# type: matrix
# rows: 4
# columns: 3
 15 15 15
 15 15 15
 15 15 15
 15 15 15





# name: A_u
# type: global matrix
# rows: 0
# columns: 0


# name: A_v
# type: global matrix
# rows: 0
# columns: 0


# name: A_s
# type: global matrix
# rows: 0
# columns: 0


# name: b
# type: global matrix
# rows: 0
# columns: 0


# name: alpha
# type: global cell
# rows: 1
# columns: 2
# name: <cell-element>
# type: scalar
0.90000000000000002



# name: <cell-element>
# type: scalar
0.90000000000000002





# name: x_min
# type: global cell
# rows: 1
# columns: 2
# name: <cell-element>
# type: matrix
# rows: 4
# columns: 3
 56 56 56
 56 56 56
 56 56 56
 56 56 56



# name: <cell-element>
# type: matrix
# rows: 4
# columns: 3
 57 57 57
 57 57 57
 57 57 57
 57 57 57





# name: x_max
# type: global cell
# rows: 1
# columns: 2
# name: <cell-element>
# type: matrix
# rows: 4
# columns: 3
 200.63088126480579 206.1236172914505 201.3874788582325
 201.66561752557755 200.36888927221298 203.77881944179535
 202.26309955120087 203.69086682796478 203.75022381544113
 209.24468994140625 202.24428445100784 200.13536460697651



# name: <cell-element>
# type: matrix
# rows: 4
# columns: 3
 209.51996743679047 202.78528451919556 203.02859306335449
 207.19062566757202 205.80140471458435 202.93571472167969
 204.39593195915222 202.78497457504272 202.75353938341141
 204.23576295375824 205.60587406158447 203.15384119749069





# name: x_initial
# type: cell
# rows: 1
# columns: 2
# name: <cell-element>
# type: matrix
# rows: 4
# columns: 3
 133.53652715682983 133.53652715682983 133.53652715682983
 133.53652715682983 133.53652715682983 133.53652715682983
 133.53652715682983 133.53652715682983 133.53652715682983
 133.53652715682983 133.53652715682983 133.53652715682983



# name: <cell-element>
# type: matrix
# rows: 4
# columns: 3
 133.66592168807983 133.66592168807983 133.66592168807983
 133.66592168807983 133.66592168807983 133.66592168807983
 133.66592168807983 133.66592168807983 133.66592168807983
 133.66592168807983 133.66592168807983 133.66592168807983





# name: x
# type: global cell
# rows: 1
# columns: 2
# name: <cell-element>
# type: matrix
# rows: 4
# columns: 3
 91.666714426073099 91.666732113865422 91.666727377555262
 91.66673224258966 91.666731162331445 91.666728417963512
 91.666720434598801 91.666729368223116 91.666729931896782
 91.666735127181852 91.66673216615429 91.66672964177485



# name: <cell-element>
# type: matrix
# rows: 4
# columns: 3
 96.666652893575332 96.666644143662452 96.666660811929844
 96.666643038786674 96.666642468438582 96.666654298206922
 96.66665384063559 96.666648369844268 96.666650307029485
 96.666638744589335 96.66664446704722 96.666651406132317





# name: w
# type: matrix
# rows: 32
# columns: 1
 4.5181593300100324
 4.518159524371911
 4.5181593955575492
 4.5181595558401666
 4.5181595229676477
 4.5181595125872844
 4.5181594930152071
 4.5181595235380714
 4.5181594712988451
 4.5181594826487457
 4.5181594991643701
 4.5181594959994058
 0.24999999999998965
 0.24999999999999337
 0.25000000000000205
 0.25000000000001482
 4.5712684918321447
 4.5712683898860353
 4.5712685016293211
 4.5712683454632925
 4.5712684013157876
 4.5712683839858812
 4.571268445034919
 4.571268404661148
 4.5712685737461651
 4.5712685063628182
 4.5712684650747697
 4.5712684764448008
 0.2500000000000045
 0.25000000000001588
 0.25000000000002276
 0.24999999999995687


# name: payoffs_history
# type: cell
# rows: 1
# columns: 2
# name: <cell-element>
# type: matrix
# rows: 1
# columns: 21
 20507.286448351661 64240.98742619469 88605.110237701985 90915.206407467849 98161.291871355439 98305.673209851695 100189.33316402455 100198.35650263126 100673.96018840437 100674.5245648307 100793.6529716613 100793.68821041859 100823.6545404949 100823.65679658799 100830.34373972577 100830.34386474101 100832.78918803509 100832.78920133167 100833.42883852642 100833.42883872561 100833.35306089511



# name: <cell-element>
# type: matrix
# rows: 1
# columns: 21
 28547.112947230795 125379.24707070785 134619.62183160702 116984.87832619947 117562.4027977381 113442.47450273177 113478.56981711923 112466.66210494075 112468.91844718103 112216.97472030271 112217.11552457578 112154.33512504754 112154.34386499392 112138.65184023397 112138.65234634497 112134.85403770425 112134.85408851571 112133.42684367433 112133.42684599623 112133.26156698646 112133.26156702248





# name: total_iter
# type: scalar
20


# name: opti
# type: cell
# rows: 1
# columns: 2
# name: <cell-element>
# type: matrix
# rows: 29
# columns: 1
 0
 0.24999999999998965
 0.24999999999999337
 0.25000000000000205
 0.25000000000001482
 35.666714426073099
 35.66673224258966
 35.666720434598801
 35.666735127181852
 35.666732113865422
 35.666731162331445
 35.666729368223116
 35.66673216615429
 35.666727377555262
 35.666728417963512
 35.666729931896782
 35.66672964177485
 108.96416683873269
 109.99888528298789
 110.59637911660207
 117.5779548142244
 114.45688517758508
 108.70215810988154
 112.02413745974167
 110.57755228485355
 109.72075148067724
 112.11209102383184
 112.08349388354435
 108.46863496520166



# name: <cell-element>
# type: matrix
# rows: 29
# columns: 1
 0
 0.2500000000000045
 0.25000000000001588
 0.25000000000002276
 0.24999999999995687
 39.666652893575332
 39.666643038786674
 39.66665384063559
 39.666638744589335
 39.666644143662452
 39.666642468438582
 39.666648369844268
 39.66664446704722
 39.666660811929844
 39.666654298206922
 39.666650307029485
 39.666651406132317
 112.85331454321513
 110.52398262878535
 107.72927811851663
 107.5691242091689
 106.1186403755331
 109.13476224614577
 106.11832620519846
 108.93922959453725
 106.36193225142465
 106.26906042347277
 106.08688907638192
 106.48718979135838





