# Created by Octave 5.2.0, Sun Jun 21 15:51:56 2020 IST <nalin@nalinspc>
# name: N1
# type: global scalar
0


# name: N2
# type: global scalar
0


# name: N3
# type: global scalar
4


# name: M
# type: global scalar
3


# name: beta
# type: global matrix
# rows: 4
# columns: 3
 300 300 300
 300 300 300
 300 300 300
 300 300 300


# name: delta
# type: global matrix
# rows: 4
# columns: 3
 1 1 1
 1 1 1
 1 1 1
 1 1 1


# name: c
# type: global cell
# rows: 1
# columns: 2
# name: <cell-element>
# type: matrix
# rows: 4
# columns: 3
 20 20 20
 20 20 20
 20 20 20
 20 20 20



# name: <cell-element>
# type: matrix
# rows: 4
# columns: 3
 15 15 15
 15 15 15
 15 15 15
 15 15 15





# name: A_u
# type: global cell
# rows: 1
# columns: 2
# name: <cell-element>
# type: matrix
# rows: 4
# columns: 3
 0.21849790215492249 0.25119432806968689 0.25776587128639222
 0.29547535777091982 0.24399213492870331 0.24289737343788148
 0.2968732595443726 0.28216945528984072 0.28334438800811768
 0.20155710000544788 0.24347410202026368 0.26258114576339719



# name: <cell-element>
# type: matrix
# rows: 4
# columns: 3
 0.25359262824058532 0.2268893748521805 0.20732535272836686
 0.20710484310984612 0.20332953333854675 0.21094121336936952
 0.24275120794773103 0.21525239795446396 0.23537687957286835
 0.24246200025081635 0.29935661554336546 0.24760217666625978





# name: A_v
# type: global cell
# rows: 1
# columns: 2
# name: <cell-element>
# type: cell
# rows: 1
# columns: 4
# name: <cell-element>
# type: matrix
# rows: 3
# columns: 3
 0.033037089201897026 0.030226456950461777 0.04100864791881207
 0.030226456950461777 0.054113267579388516 0.051757424915223713
 0.04100864791881207 0.051757424915223713 0.058629992630638554



# name: <cell-element>
# type: matrix
# rows: 3
# columns: 3
 0.047073497402518462 0.05145336666007503 0.031899979191968575
 0.05145336666007503 0.071765395238103769 0.037230741004036907
 0.031899979191968575 0.037230741004036907 0.033490308823018594



# name: <cell-element>
# type: matrix
# rows: 3
# columns: 3
 0.018572283652249666 0.0055520656980476571 0.029650883300714807
 0.0055520656980476571 0.0034594436212684481 0.0065283093193397685
 0.029650883300714807 0.0065283093193397685 0.05527075792448613



# name: <cell-element>
# type: matrix
# rows: 3
# columns: 3
 0.030834027127230039 0.041744649521288792 0.027326203077293398
 0.041744649521288792 0.068944087412891833 0.049382170365268249
 0.027326203077293398 0.049382170365268249 0.045646410445061868






# name: <cell-element>
# type: cell
# rows: 1
# columns: 4
# name: <cell-element>
# type: matrix
# rows: 3
# columns: 3
 0.0092502465316893559 0.0050374701597762604 0.023873439102862725
 0.0050374701597762604 0.0091843402842704536 0.020725470301269755
 0.023873439102862725 0.020725470301269755 0.092888519642716716



# name: <cell-element>
# type: matrix
# rows: 3
# columns: 3
 0.01715329300182937 0.021555328532827076 0.022282134493601159
 0.021555328532827076 0.060936594595456521 0.032090032175752299
 0.022282134493601159 0.032090032175752299 0.03127306163446978



# name: <cell-element>
# type: matrix
# rows: 3
# columns: 3
 0.053362640527297209 0.053551792047871298 0.041385292019899669
 0.053551792047871298 0.056359677243159358 0.040870984591449097
 0.041385292019899669 0.040870984591449097 0.035923046380431971



# name: <cell-element>
# type: matrix
# rows: 3
# columns: 3
 0.032613649313696452 0.035913803191646561 0.036964959774587351
 0.035913803191646561 0.049465925972531327 0.030902597965233199
 0.036964959774587351 0.030902597965233199 0.052134513092506052








# name: A_s
# type: global cell
# rows: 1
# columns: 2
# name: <cell-element>
# type: cell
# rows: 1
# columns: 4
# name: <cell-element>
# type: matrix
# rows: 3
# columns: 3
 0.11624020338058472 0.13907753229141234 0.013518296182155609
 0.12267957925796509 0.098124325275421143 0.17156516313552855
 0.15921366214752197 0.15198394060134887 0.10090532302856445



# name: <cell-element>
# type: matrix
# rows: 3
# columns: 3
 0.18915529251098634 0.040177220106124879 0.098384773731231695
 0.14772058725357057 0.11289607286453247 0.19286912679672241
 0.1325289249420166 0.1248432993888855 0.018453820049762724



# name: <cell-element>
# type: matrix
# rows: 3
# columns: 3
 0.037830415368080142 0.043990081548690795 0.12331267595291137
 0.052062535285949708 0.0087881587445735928 0.025917258858680726
 0.0081902027130126946 0.14176349639892577 0.18736805915832519



# name: <cell-element>
# type: matrix
# rows: 3
# columns: 3
 0.11659436225891114 0.12644872665405274 0.035362428426742552
 0.12344791889190673 0.17326555252075196 0.15389524698257445
 0.0041280176490545275 0.1802363634109497 0.11464825868606568






# name: <cell-element>
# type: cell
# rows: 1
# columns: 4
# name: <cell-element>
# type: matrix
# rows: 3
# columns: 3
 0.014777512848377227 0.089540243148803711 0.031849905848503113
 0.086371219158172613 0.041501185297966002 0.001415769848972559
 0.15503895282745361 0.1699102520942688 0.19995486736297607



# name: <cell-element>
# type: matrix
# rows: 3
# columns: 3
 0.018076163530349732 0.067758637666702273 0.11061334609985352
 0.1781946063041687 0.15564836263656617 0.070405000448226923
 0.064388626813888544 0.06376315355300903 0.15185989141464235



# name: <cell-element>
# type: matrix
# rows: 3
# columns: 3
 0.18117564916610718 0.022485317289829256 0.1415359854698181
 0.18863179683685302 0.070568770170211792 0.12568918466567994
 0.10213361978530884 0.025414815545082091 0.15762568712234498



# name: <cell-element>
# type: matrix
# rows: 3
# columns: 3
 0.094950562715530401 0.10001273155212402 0.11659971475601197
 0.16772102117538451 0.1350885510444641 0.055557793378829955
 0.031911581754684448 0.10729135274887085 0.19900937080383302








# name: b
# type: global cell
# rows: 1
# columns: 2
# name: <cell-element>
# type: matrix
# rows: 4
# columns: 1
 186.43689632415771
 170.28909206390381
 189.61484670639038
 188.32907915115356



# name: <cell-element>
# type: matrix
# rows: 4
# columns: 1
 173.81095886230469
 150.88565453886986
 167.46848821640015
 175.59020519256592





# name: alpha
# type: global cell
# rows: 1
# columns: 2
# name: <cell-element>
# type: scalar
0.90000000000000002



# name: <cell-element>
# type: scalar
0.90000000000000002





# name: x_min
# type: global cell
# rows: 1
# columns: 2
# name: <cell-element>
# type: matrix
# rows: 4
# columns: 3
 56 56 56
 56 56 56
 56 56 56
 56 56 56



# name: <cell-element>
# type: matrix
# rows: 4
# columns: 3
 57 57 57
 57 57 57
 57 57 57
 57 57 57





# name: x_max
# type: global cell
# rows: 1
# columns: 2
# name: <cell-element>
# type: matrix
# rows: 4
# columns: 3
 200.63088126480579 206.1236172914505 201.3874788582325
 201.66561752557755 200.36888927221298 203.77881944179535
 202.26309955120087 203.69086682796478 203.75022381544113
 209.24468994140625 202.24428445100784 200.13536460697651



# name: <cell-element>
# type: matrix
# rows: 4
# columns: 3
 209.51996743679047 202.78528451919556 203.02859306335449
 207.19062566757202 205.80140471458435 202.93571472167969
 204.39593195915222 202.78497457504272 202.75353938341141
 204.23576295375824 205.60587406158447 203.15384119749069





# name: x_initial
# type: cell
# rows: 1
# columns: 2
# name: <cell-element>
# type: matrix
# rows: 4
# columns: 3
 183.53652715682983 183.53652715682983 183.53652715682983
 183.53652715682983 183.53652715682983 183.53652715682983
 183.53652715682983 183.53652715682983 183.53652715682983
 183.53652715682983 183.53652715682983 183.53652715682983



# name: <cell-element>
# type: matrix
# rows: 4
# columns: 3
 183.66592168807983 183.66592168807983 183.66592168807983
 183.66592168807983 183.66592168807983 183.66592168807983
 183.66592168807983 183.66592168807983 183.66592168807983
 183.66592168807983 183.66592168807983 183.66592168807983





# name: x
# type: global cell
# rows: 1
# columns: 2
# name: <cell-element>
# type: matrix
# rows: 4
# columns: 3
 93.094570594511737 93.13949472019209 93.117566071488696
 93.672807008468396 93.66512027058414 93.675108817832552
 94.247004685347676 92.837066663042648 93.983494416959076
 93.573356083919364 93.932285357110757 93.84228248681525



# name: <cell-element>
# type: matrix
# rows: 4
# columns: 3
 93.810859669127538 93.721028884408653 93.764878967219445
 92.654384050215995 92.66975519386699 92.649782157751474
 91.505962810502908 94.325993818891519 92.032978368601889
 92.8532728493131 92.135422104215607 92.315432170539623





# name: w
# type: matrix
# rows: 32
# columns: 1
 4.5336158645858093
 4.5398079337675368
 4.5459190452962934
 4.5387456857379052
 4.5340983125898928
 4.5397258709626342
 4.53084598529143
 4.5425741541385367
 4.5338628460930899
 4.5398325063319458
 4.5431191755430991
 4.541615527225197
 0.22582878863933009
 0.55469844638630461
 0.052521173742003671
 0.16695159123236183
 4.541280624034977
 4.5288762700168101
 4.5164041374860782
 4.5310205359584614
 4.5403225918594092
 4.5290421538973336
 4.5467568019082174
 4.5232594741429724
 4.5407903612412559
 4.5288266014900884
 4.5221469733456958
 4.525211323313644
 0.17480190091003778
 0.27544527675908814
 0.27643310053723741
 0.27331972179363645


# name: payoffs_history
# type: cell
# rows: 1
# columns: 2
# name: <cell-element>
# type: matrix
# rows: 1
# columns: 22
 -192058.01544678962 27104.500000747154 87738.577150292738 104459.82433289553 104882.94539380036 104898.52488918517 105015.86763674035 105016.79601096678 105045.95806663904 105046.01389061153 105051.28867782562 105051.29055115064 105054.39933495389 105054.39998584412 105054.59120092857 105054.59120356488 105054.7652069006 105054.76520841572 105054.89747953994 105054.897480392 105054.95247092994 105054.95247104962



# name: <cell-element>
# type: matrix
# rows: 1
# columns: 22
 -181173.4623854105 99915.895998619555 151830.34272839484 110112.98582168495 110176.99312428158 109920.74214565037 109924.5399286186 109860.70033550869 109860.92779193514 109845.4328959839 109845.44577618482 109842.65869254198 109842.66131898534 109841.02928603107 109841.02935494954 109840.91915956515 109840.91921191482 109840.81744126565 109840.81747390458 109840.74597148216 109840.74598359398 109840.72548749851





# name: total_iter
# type: scalar
21


# name: opti
# type: cell
# rows: 1
# columns: 2
# name: <cell-element>
# type: matrix
# rows: 33
# columns: 1
 -2.2204460492503131e-16
 0.22582878863933009
 0.55469844638630461
 0.052521173742003671
 0.16695159123236183
 37.094570594511737
 37.672807008468396
 38.247004685347676
 37.573356083919364
 37.13949472019209
 37.66512027058414
 36.837066663042648
 37.932285357110757
 37.117566071488696
 37.675108817832552
 37.983494416959076
 37.84228248681525
 107.53631067029406
 107.99281051710915
 108.01609486585319
 115.67133385748689
 112.98412257125841
 106.70376900162884
 110.85380016492213
 108.31199909389709
 108.2699127867438
 110.1037106239628
 109.76672939848206
 106.29308212016126
 2.3111726603135736
 4.5350190493254985
 12.647143369464615
 1.5603518419628273



# name: <cell-element>
# type: matrix
# rows: 33
# columns: 1
 2.2204460492503131e-16
 0.17480190091003778
 0.27544527675908814
 0.27643310053723741
 0.27331972179363645
 36.810859669127538
 35.654384050215995
 34.505962810502908
 35.8532728493131
 36.721028884408653
 35.66975519386699
 37.325993818891519
 35.135422104215607
 36.764878967219445
 35.649782157751474
 35.032978368601889
 35.315432170539623
 115.70910776766293
 114.53624161735603
 112.88996914864931
 111.38249010444514
 109.0642556347869
 113.13164952071736
 108.45898075615121
 113.47045195736887
 109.26371409613505
 110.28593256392821
 110.72056101480952
 110.83840902695107
 -1.9317928092732473e-06
 -1.4496663425234146e-08
 -1.997502920403349e-06
 -2.8646680050314899e-07





