# Created by Octave 5.2.0, Sun Jun 21 15:42:21 2020 IST <nalin@nalinspc>
# name: N1
# type: global scalar
0


# name: N2
# type: global scalar
0


# name: N3
# type: global scalar
4


# name: M
# type: global scalar
3


# name: beta
# type: global matrix
# rows: 4
# columns: 3
 300 300 300
 300 300 300
 300 300 300
 300 300 300


# name: delta
# type: global matrix
# rows: 4
# columns: 3
 1 1 1
 1 1 1
 1 1 1
 1 1 1


# name: c
# type: global cell
# rows: 1
# columns: 2
# name: <cell-element>
# type: matrix
# rows: 4
# columns: 3
 20 20 20
 20 20 20
 20 20 20
 20 20 20



# name: <cell-element>
# type: matrix
# rows: 4
# columns: 3
 15 15 15
 15 15 15
 15 15 15
 15 15 15





# name: A_u
# type: global matrix
# rows: 0
# columns: 0


# name: A_v
# type: global matrix
# rows: 0
# columns: 0


# name: A_s
# type: global matrix
# rows: 0
# columns: 0


# name: b
# type: global matrix
# rows: 0
# columns: 0


# name: alpha
# type: global cell
# rows: 1
# columns: 2
# name: <cell-element>
# type: scalar
0.90000000000000002



# name: <cell-element>
# type: scalar
0.90000000000000002





# name: x_min
# type: global cell
# rows: 1
# columns: 2
# name: <cell-element>
# type: matrix
# rows: 4
# columns: 3
 56 56 56
 56 56 56
 56 56 56
 56 56 56



# name: <cell-element>
# type: matrix
# rows: 4
# columns: 3
 57 57 57
 57 57 57
 57 57 57
 57 57 57





# name: x_max
# type: global cell
# rows: 1
# columns: 2
# name: <cell-element>
# type: matrix
# rows: 4
# columns: 3
 200.63088126480579 206.1236172914505 201.3874788582325
 201.66561752557755 200.36888927221298 203.77881944179535
 202.26309955120087 203.69086682796478 203.75022381544113
 209.24468994140625 202.24428445100784 200.13536460697651



# name: <cell-element>
# type: matrix
# rows: 4
# columns: 3
 209.51996743679047 202.78528451919556 203.02859306335449
 207.19062566757202 205.80140471458435 202.93571472167969
 204.39593195915222 202.78497457504272 202.75353938341141
 204.23576295375824 205.60587406158447 203.15384119749069





# name: x_initial
# type: cell
# rows: 1
# columns: 2
# name: <cell-element>
# type: matrix
# rows: 4
# columns: 3
 93.536527156829834 93.536527156829834 93.536527156829834
 93.536527156829834 93.536527156829834 93.536527156829834
 93.536527156829834 93.536527156829834 93.536527156829834
 93.536527156829834 93.536527156829834 93.536527156829834



# name: <cell-element>
# type: matrix
# rows: 4
# columns: 3
 93.665921688079834 93.665921688079834 93.665921688079834
 93.665921688079834 93.665921688079834 93.665921688079834
 93.665921688079834 93.665921688079834 93.665921688079834
 93.665921688079834 93.665921688079834 93.665921688079834





# name: x
# type: global cell
# rows: 1
# columns: 2
# name: <cell-element>
# type: matrix
# rows: 4
# columns: 3
 91.666592317719576 91.666591137455242 91.666606131773904
 91.666596336025165 91.666607074991532 91.666620131991152
 91.66660842455012 91.666598585687794 91.666612417294871
 91.666608727237289 91.666589836758234 91.666628106515745



# name: <cell-element>
# type: matrix
# rows: 4
# columns: 3
 96.666701618170421 96.666690847269948 96.666684997038516
 96.666698138776297 96.66667872596615 96.666679977568535
 96.666679921186841 96.666677350074409 96.666694387384652
 96.666671353814166 96.666678729373132 96.666674423591218





# name: w
# type: matrix
# rows: 32
# columns: 1
 4.5181579979187099
 4.5181580417548055
 4.5181581736297156
 4.5181581769317596
 4.5181579850430884
 4.5181581589072488
 4.5181580662965981
 4.5181579708536548
 4.5181581486175952
 4.5181583013473272
 4.5181582171869579
 4.5181583883421812
 0.24999999999999509
 0.24999999999999561
 0.25000000000000044
 0.25000000000000883
 4.5712689958796249
 4.5712689598859049
 4.5712687714281266
 4.5712686828001416
 4.5712688844565506
 4.5712687590637762
 4.571268744830415
 4.5712687590990209
 4.5712688239369283
 4.5712687720113854
 4.571268921078417
 4.5712687145564539
 0.25000000000000233
 0.24999999999999872
 0.24999999999999978
 0.24999999999999922


# name: payoffs_history
# type: cell
# rows: 1
# columns: 2
# name: <cell-element>
# type: matrix
# rows: 1
# columns: 17
 104159.52796446494 104161.16622105788 101645.0356381484 101660.23056613859 101038.78905925562 101039.73877035071 100884.77536856342 100884.83453420809 100846.04279128631 100846.04650308621 100836.32243907856 100836.32265372589 100833.83671844385 100833.8367273102 100833.25496900355 100833.2549693055 100833.31404019667



# name: <cell-element>
# type: matrix
# rows: 1
# columns: 17
 109923.573213344 110338.87719669638 110399.65743871544 111694.8455268403 111698.64431907237 112024.51761087717 112024.75528095044 112106.21634640582 112106.23115640887 112126.83572247664 112126.8366425704 112132.09875659554 112132.09881356565 112133.22354959922 112133.22355163674 112133.40494127566 112133.40494130211





# name: total_iter
# type: scalar
16


# name: opti
# type: cell
# rows: 1
# columns: 2
# name: <cell-element>
# type: matrix
# rows: 29
# columns: 1
 0
 0.24999999999999509
 0.24999999999999561
 0.25000000000000044
 0.25000000000000883
 35.666592317719576
 35.666596336025165
 35.66660842455012
 35.666608727237289
 35.666591137455242
 35.666607074991532
 35.666598585687794
 35.666589836758234
 35.666606131773904
 35.666620131991152
 35.666612417294871
 35.666628106515745
 108.96428894708622
 109.99902118955238
 110.59649112665075
 117.57808121416896
 114.45702615399526
 108.70228219722145
 112.02426824227699
 110.57769461424961
 109.72087272645859
 112.1121993098042
 112.08361139814626
 108.46873650046076



# name: <cell-element>
# type: matrix
# rows: 29
# columns: 1
 0
 0.25000000000000233
 0.24999999999999872
 0.24999999999999978
 0.24999999999999922
 39.666701618170421
 39.666698138776297
 39.666679921186841
 39.666671353814166
 39.666690847269948
 39.66667872596615
 39.666677350074409
 39.666678729373132
 39.666684997038516
 39.666679977568535
 39.666694387384652
 39.666674423591218
 112.85326581862005
 110.52392752879572
 107.72925203796538
 107.56909159994407
 106.11859367192561
 109.1347259886182
 106.11829722496832
 108.93919533221134
 106.36190806631598
 106.26903474411115
 106.08684499602676
 106.48716677389947





