# Created by Octave 5.2.0, Sun Jun 21 15:44:11 2020 IST <nalin@nalinspc>
# name: N1
# type: global scalar
0


# name: N2
# type: global scalar
0


# name: N3
# type: global scalar
4


# name: M
# type: global scalar
3


# name: beta
# type: global matrix
# rows: 4
# columns: 3
 300 300 300
 300 300 300
 300 300 300
 300 300 300


# name: delta
# type: global matrix
# rows: 4
# columns: 3
 1 1 1
 1 1 1
 1 1 1
 1 1 1


# name: c
# type: global cell
# rows: 1
# columns: 2
# name: <cell-element>
# type: matrix
# rows: 4
# columns: 3
 20 20 20
 20 20 20
 20 20 20
 20 20 20



# name: <cell-element>
# type: matrix
# rows: 4
# columns: 3
 15 15 15
 15 15 15
 15 15 15
 15 15 15





# name: A_u
# type: global matrix
# rows: 0
# columns: 0


# name: A_v
# type: global matrix
# rows: 0
# columns: 0


# name: A_s
# type: global matrix
# rows: 0
# columns: 0


# name: b
# type: global matrix
# rows: 0
# columns: 0


# name: alpha
# type: global cell
# rows: 1
# columns: 2
# name: <cell-element>
# type: scalar
0.90000000000000002



# name: <cell-element>
# type: scalar
0.90000000000000002





# name: x_min
# type: global cell
# rows: 1
# columns: 2
# name: <cell-element>
# type: matrix
# rows: 4
# columns: 3
 56 56 56
 56 56 56
 56 56 56
 56 56 56



# name: <cell-element>
# type: matrix
# rows: 4
# columns: 3
 57 57 57
 57 57 57
 57 57 57
 57 57 57





# name: x_max
# type: global cell
# rows: 1
# columns: 2
# name: <cell-element>
# type: matrix
# rows: 4
# columns: 3
 200.63088126480579 206.1236172914505 201.3874788582325
 201.66561752557755 200.36888927221298 203.77881944179535
 202.26309955120087 203.69086682796478 203.75022381544113
 209.24468994140625 202.24428445100784 200.13536460697651



# name: <cell-element>
# type: matrix
# rows: 4
# columns: 3
 209.51996743679047 202.78528451919556 203.02859306335449
 207.19062566757202 205.80140471458435 202.93571472167969
 204.39593195915222 202.78497457504272 202.75353938341141
 204.23576295375824 205.60587406158447 203.15384119749069





# name: x_initial
# type: cell
# rows: 1
# columns: 2
# name: <cell-element>
# type: matrix
# rows: 4
# columns: 3
 223.53652715682983 223.53652715682983 223.53652715682983
 223.53652715682983 223.53652715682983 223.53652715682983
 223.53652715682983 223.53652715682983 223.53652715682983
 223.53652715682983 223.53652715682983 223.53652715682983



# name: <cell-element>
# type: matrix
# rows: 4
# columns: 3
 223.66592168807983 223.66592168807983 223.66592168807983
 223.66592168807983 223.66592168807983 223.66592168807983
 223.66592168807983 223.66592168807983 223.66592168807983
 223.66592168807983 223.66592168807983 223.66592168807983





# name: x
# type: global cell
# rows: 1
# columns: 2
# name: <cell-element>
# type: matrix
# rows: 4
# columns: 3
 91.666806620236216 91.666795278719007 91.666790417015847
 91.666794345403687 91.666797898686539 91.6667816727592
 91.666794575790632 91.666808738033239 91.666800418983527
 91.666786714801233 91.666795180698884 91.666806689909762



# name: <cell-element>
# type: matrix
# rows: 4
# columns: 3
 96.666610725845686 96.666611322106078 96.666616900681632
 96.666617739842806 96.666610430358446 96.666613888282029
 96.666616511553258 96.666610382508509 96.666615863794149
 96.666624395685105 96.666617330955006 96.666612180166169





# name: w
# type: matrix
# rows: 32
# columns: 1
 4.5181603357635094
 4.5181602018564408
 4.5181602043697495
 4.5181601186136175
 4.5181602120380484
 4.5181602406194719
 4.5181603588667141
 4.5181602109687393
 4.5181601590013596
 4.5181600636095931
 4.5181602681135811
 4.5181603365235832
 0.25000000000131517
 0.2500000000010234
 0.24999999999725095
 0.2500000000004105
 4.5712680556140945
 4.5712681281727248
 4.5712681154662747
 4.5712681970262983
 4.5712680617823089
 4.5712680525573282
 4.5712680520623286
 4.5712681239428488
 4.5712681194917426
 4.5712680883289716
 4.5712681087653149
 4.5712680706587978
 0.24999999999994063
 0.25000000000009204
 0.24999999999999986
 0.24999999999996753


# name: payoffs_history
# type: cell
# rows: 1
# columns: 2
# name: <cell-element>
# type: matrix
# rows: 1
# columns: 21
 -448510.2569629036 224.5004985541143 73583.998657576274 82170.747835886083 95452.122473265787 95988.794363791138 99577.475840627216 99611.017894917313 100524.95922051321 100527.05560706786 100756.67529492878 100756.80631915317 100814.0988472203 100814.10707723263 100828.96856453973 100828.96911013976 100831.97801932649 100831.97804386738 100833.45660870717 100833.45661101141 100833.39037996483



# name: <cell-element>
# type: matrix
# rows: 1
# columns: 21
 -435349.92265152454 14316.617993391732 157322.99973865616 120568.50104078476 122715.18903706684 114599.90830654687 114734.07638885776 112772.33944541066 112780.72494216895 112294.43711627348 112294.96130756586 112173.82150734766 112173.85410418344 112143.45359722745 112143.4556600606 112135.72499102191 112135.72509420716 112133.78291583952 112133.78292768815 112133.18267342341 112133.18267344827





# name: total_iter
# type: scalar
20


# name: opti
# type: cell
# rows: 1
# columns: 2
# name: <cell-element>
# type: matrix
# rows: 29
# columns: 1
 0
 0.25000000000131517
 0.2500000000010234
 0.24999999999725095
 0.2500000000004105
 35.666806620236216
 35.666794345403687
 35.666794575790632
 35.666786714801233
 35.666795278719007
 35.666797898686539
 35.666808738033239
 35.666795180698884
 35.666790417015847
 35.6667816727592
 35.666800418983527
 35.666806689909762
 108.96407464456958
 109.99882318017386
 110.59630497541023
 117.57790322660502
 114.45682201273149
 108.70209137352644
 112.02405808993154
 110.57748927030896
 109.72068844121665
 112.11203776903615
 112.0834233964576
 108.46855791706675



# name: <cell-element>
# type: matrix
# rows: 29
# columns: 1
 0
 0.24999999999994063
 0.25000000000009204
 0.24999999999999986
 0.24999999999996753
 39.666610725845686
 39.666617739842806
 39.666616511553258
 39.666624395685105
 39.666611322106078
 39.666610430358446
 39.666610382508509
 39.666617330955006
 39.666616900681632
 39.666613888282029
 39.666615863794149
 39.666612180166169
 112.85335671094478
 110.52400792772922
 107.72931544759896
 107.56913855807313
 106.11867319708948
 109.1347942842259
 106.11836419253422
 108.93925673062947
 106.36197616267286
 106.26910083339766
 106.08692351961726
 106.48722901732452





