# Created by Octave 5.2.0, Sun Jun 21 15:44:26 2020 IST <nalin@nalinspc>
# name: N1
# type: global scalar
0


# name: N2
# type: global scalar
0


# name: N3
# type: global scalar
4


# name: M
# type: global scalar
3


# name: beta
# type: global matrix
# rows: 4
# columns: 3
 300 300 300
 300 300 300
 300 300 300
 300 300 300


# name: delta
# type: global matrix
# rows: 4
# columns: 3
 1 1 1
 1 1 1
 1 1 1
 1 1 1


# name: c
# type: global cell
# rows: 1
# columns: 2
# name: <cell-element>
# type: matrix
# rows: 4
# columns: 3
 20 20 20
 20 20 20
 20 20 20
 20 20 20



# name: <cell-element>
# type: matrix
# rows: 4
# columns: 3
 15 15 15
 15 15 15
 15 15 15
 15 15 15





# name: A_u
# type: global matrix
# rows: 0
# columns: 0


# name: A_v
# type: global matrix
# rows: 0
# columns: 0


# name: A_s
# type: global matrix
# rows: 0
# columns: 0


# name: b
# type: global matrix
# rows: 0
# columns: 0


# name: alpha
# type: global cell
# rows: 1
# columns: 2
# name: <cell-element>
# type: scalar
0.90000000000000002



# name: <cell-element>
# type: scalar
0.90000000000000002





# name: x_min
# type: global cell
# rows: 1
# columns: 2
# name: <cell-element>
# type: matrix
# rows: 4
# columns: 3
 56 56 56
 56 56 56
 56 56 56
 56 56 56



# name: <cell-element>
# type: matrix
# rows: 4
# columns: 3
 57 57 57
 57 57 57
 57 57 57
 57 57 57





# name: x_max
# type: global cell
# rows: 1
# columns: 2
# name: <cell-element>
# type: matrix
# rows: 4
# columns: 3
 200.63088126480579 206.1236172914505 201.3874788582325
 201.66561752557755 200.36888927221298 203.77881944179535
 202.26309955120087 203.69086682796478 203.75022381544113
 209.24468994140625 202.24428445100784 200.13536460697651



# name: <cell-element>
# type: matrix
# rows: 4
# columns: 3
 209.51996743679047 202.78528451919556 203.02859306335449
 207.19062566757202 205.80140471458435 202.93571472167969
 204.39593195915222 202.78497457504272 202.75353938341141
 204.23576295375824 205.60587406158447 203.15384119749069





# name: x_initial
# type: cell
# rows: 1
# columns: 2
# name: <cell-element>
# type: matrix
# rows: 4
# columns: 3
 243.53652715682983 243.53652715682983 243.53652715682983
 243.53652715682983 243.53652715682983 243.53652715682983
 243.53652715682983 243.53652715682983 243.53652715682983
 243.53652715682983 243.53652715682983 243.53652715682983



# name: <cell-element>
# type: matrix
# rows: 4
# columns: 3
 243.66592168807983 243.66592168807983 243.66592168807983
 243.66592168807983 243.66592168807983 243.66592168807983
 243.66592168807983 243.66592168807983 243.66592168807983
 243.66592168807983 243.66592168807983 243.66592168807983





# name: x
# type: global cell
# rows: 1
# columns: 2
# name: <cell-element>
# type: matrix
# rows: 4
# columns: 3
 91.666816180200684 91.66681888855301 91.666811576066166
 91.666809621116457 91.666825541443387 91.666799093190264
 91.666805407165938 91.666831520476961 91.666805730508955
 91.666815844893392 91.666811852858118 91.66680542147391



# name: <cell-element>
# type: matrix
# rows: 4
# columns: 3
 96.666591188380835 96.666581694067304 96.666594101293057
 96.666600421271568 96.666585723753229 96.666599439378544
 96.666592696747088 96.666579148450197 96.666595608346697
 96.666592686156775 96.666597329324603 96.666598984852229





# name: w
# type: matrix
# rows: 32
# columns: 1
 4.5181604400538662
 4.5181603685003342
 4.5181603225300355
 4.5181604363959744
 4.5181604695994793
 4.518160542176342
 4.5181606074020477
 4.5181603928465686
 4.5181603898270248
 4.5181602536504029
 4.5181603260574086
 4.5181603226861222
 0.25000000000091294
 0.2499999999993123
 0.24999999999964373
 0.25000000000013106
 4.5712678535022517
 4.5712679490149846
 4.5712678691060527
 4.5712678689964976
 4.5712677552851337
 4.5712677969715756
 4.5712677289511401
 4.5712679170293038
 4.5712678836358496
 4.5712679388574635
 4.5712678992260711
 4.5712679341554638
 0.24999999999998548
 0.24999999999997957
 0.25000000000000255
 0.25000000000003242


# name: payoffs_history
# type: cell
# rows: 1
# columns: 2
# name: <cell-element>
# type: matrix
# rows: 1
# columns: 21
 -605536.37772095948 -13215.50004903497 73584.003963416733 82170.755151785794 95452.128958173416 95988.800418284678 99577.47695940992 99611.01892081133 100524.96209359259 100527.0585087293 100756.85527654448 100756.98655252592 100814.26062678086 100814.26876667925 100828.49149008933 100828.49200840207 100831.50084034968 100831.50086244792 100833.42812803853 100833.4281330641 100833.41500618758



# name: <cell-element>
# type: matrix
# rows: 1
# columns: 21
 -591238.15278458013 -42883.026078924966 157322.99897910559 120568.49584552327 122715.18235997297 114599.90538069795 114734.07312201077 112772.3412337656 112780.72669649092 112294.45824037868 112294.98237223984 112173.56922676357 112173.60175453959 112143.50907756842 112143.51108850649 112135.89137578248 112135.89150275702 112134.042401139 112134.04242155931 112133.16352119396 112133.16352119611





# name: total_iter
# type: scalar
20


# name: opti
# type: cell
# rows: 1
# columns: 2
# name: <cell-element>
# type: matrix
# rows: 29
# columns: 1
 0
 0.25000000000091294
 0.2499999999993123
 0.24999999999964373
 0.25000000000013106
 35.666816180200684
 35.666809621116457
 35.666805407165938
 35.666815844893392
 35.66681888855301
 35.666825541443387
 35.666831520476961
 35.666811852858118
 35.666811576066166
 35.666799093190264
 35.666805730508955
 35.66680542147391
 108.96406508460511
 109.99880790446109
 110.59629414403493
 117.57787409651286
 114.45679840289749
 108.70206373076959
 112.02403530748782
 110.57747259814973
 109.72066728216633
 112.11202034860509
 112.08341808493218
 108.4685591855026



# name: <cell-element>
# type: matrix
# rows: 29
# columns: 1
 0
 0.24999999999998548
 0.24999999999997957
 0.25000000000000255
 0.25000000000003242
 39.666591188380835
 39.666600421271568
 39.666592696747088
 39.666592686156775
 39.666581694067304
 39.666585723753229
 39.666579148450197
 39.666597329324603
 39.666594101293057
 39.666599439378544
 39.666595608346697
 39.666598984852229
 112.85337624840963
 110.52402524630045
 107.72933926240513
 107.56917026760146
 106.11870282512825
 109.13481899083112
 106.11839542659253
 108.93927673225987
 106.36199896206143
 106.26911528230114
 106.08694377506471
 106.48724221263846





