# Created by Octave 5.2.0, Sun Jun 21 15:45:05 2020 IST <nalin@nalinspc>
# name: N1
# type: global scalar
0


# name: N2
# type: global scalar
0


# name: N3
# type: global scalar
4


# name: M
# type: global scalar
3


# name: beta
# type: global matrix
# rows: 4
# columns: 3
 300 300 300
 300 300 300
 300 300 300
 300 300 300


# name: delta
# type: global matrix
# rows: 4
# columns: 3
 1 1 1
 1 1 1
 1 1 1
 1 1 1


# name: c
# type: global cell
# rows: 1
# columns: 2
# name: <cell-element>
# type: matrix
# rows: 4
# columns: 3
 20 20 20
 20 20 20
 20 20 20
 20 20 20



# name: <cell-element>
# type: matrix
# rows: 4
# columns: 3
 15 15 15
 15 15 15
 15 15 15
 15 15 15





# name: A_u
# type: global cell
# rows: 1
# columns: 2
# name: <cell-element>
# type: matrix
# rows: 4
# columns: 3
 0.21849790215492249 0.25119432806968689 0.25776587128639222
 0.29547535777091982 0.24399213492870331 0.24289737343788148
 0.2968732595443726 0.28216945528984072 0.28334438800811768
 0.20155710000544788 0.24347410202026368 0.26258114576339719



# name: <cell-element>
# type: matrix
# rows: 4
# columns: 3
 0.25359262824058532 0.2268893748521805 0.20732535272836686
 0.20710484310984612 0.20332953333854675 0.21094121336936952
 0.24275120794773103 0.21525239795446396 0.23537687957286835
 0.24246200025081635 0.29935661554336546 0.24760217666625978





# name: A_v
# type: global cell
# rows: 1
# columns: 2
# name: <cell-element>
# type: cell
# rows: 1
# columns: 4
# name: <cell-element>
# type: matrix
# rows: 3
# columns: 3
 0.033037089201897026 0.030226456950461777 0.04100864791881207
 0.030226456950461777 0.054113267579388516 0.051757424915223713
 0.04100864791881207 0.051757424915223713 0.058629992630638554



# name: <cell-element>
# type: matrix
# rows: 3
# columns: 3
 0.047073497402518462 0.05145336666007503 0.031899979191968575
 0.05145336666007503 0.071765395238103769 0.037230741004036907
 0.031899979191968575 0.037230741004036907 0.033490308823018594



# name: <cell-element>
# type: matrix
# rows: 3
# columns: 3
 0.018572283652249666 0.0055520656980476571 0.029650883300714807
 0.0055520656980476571 0.0034594436212684481 0.0065283093193397685
 0.029650883300714807 0.0065283093193397685 0.05527075792448613



# name: <cell-element>
# type: matrix
# rows: 3
# columns: 3
 0.030834027127230039 0.041744649521288792 0.027326203077293398
 0.041744649521288792 0.068944087412891833 0.049382170365268249
 0.027326203077293398 0.049382170365268249 0.045646410445061868






# name: <cell-element>
# type: cell
# rows: 1
# columns: 4
# name: <cell-element>
# type: matrix
# rows: 3
# columns: 3
 0.0092502465316893559 0.0050374701597762604 0.023873439102862725
 0.0050374701597762604 0.0091843402842704536 0.020725470301269755
 0.023873439102862725 0.020725470301269755 0.092888519642716716



# name: <cell-element>
# type: matrix
# rows: 3
# columns: 3
 0.01715329300182937 0.021555328532827076 0.022282134493601159
 0.021555328532827076 0.060936594595456521 0.032090032175752299
 0.022282134493601159 0.032090032175752299 0.03127306163446978



# name: <cell-element>
# type: matrix
# rows: 3
# columns: 3
 0.053362640527297209 0.053551792047871298 0.041385292019899669
 0.053551792047871298 0.056359677243159358 0.040870984591449097
 0.041385292019899669 0.040870984591449097 0.035923046380431971



# name: <cell-element>
# type: matrix
# rows: 3
# columns: 3
 0.032613649313696452 0.035913803191646561 0.036964959774587351
 0.035913803191646561 0.049465925972531327 0.030902597965233199
 0.036964959774587351 0.030902597965233199 0.052134513092506052








# name: A_s
# type: global cell
# rows: 1
# columns: 2
# name: <cell-element>
# type: cell
# rows: 1
# columns: 4
# name: <cell-element>
# type: matrix
# rows: 3
# columns: 3
 0.11624020338058472 0.13907753229141234 0.013518296182155609
 0.12267957925796509 0.098124325275421143 0.17156516313552855
 0.15921366214752197 0.15198394060134887 0.10090532302856445



# name: <cell-element>
# type: matrix
# rows: 3
# columns: 3
 0.18915529251098634 0.040177220106124879 0.098384773731231695
 0.14772058725357057 0.11289607286453247 0.19286912679672241
 0.1325289249420166 0.1248432993888855 0.018453820049762724



# name: <cell-element>
# type: matrix
# rows: 3
# columns: 3
 0.037830415368080142 0.043990081548690795 0.12331267595291137
 0.052062535285949708 0.0087881587445735928 0.025917258858680726
 0.0081902027130126946 0.14176349639892577 0.18736805915832519



# name: <cell-element>
# type: matrix
# rows: 3
# columns: 3
 0.11659436225891114 0.12644872665405274 0.035362428426742552
 0.12344791889190673 0.17326555252075196 0.15389524698257445
 0.0041280176490545275 0.1802363634109497 0.11464825868606568






# name: <cell-element>
# type: cell
# rows: 1
# columns: 4
# name: <cell-element>
# type: matrix
# rows: 3
# columns: 3
 0.014777512848377227 0.089540243148803711 0.031849905848503113
 0.086371219158172613 0.041501185297966002 0.001415769848972559
 0.15503895282745361 0.1699102520942688 0.19995486736297607



# name: <cell-element>
# type: matrix
# rows: 3
# columns: 3
 0.018076163530349732 0.067758637666702273 0.11061334609985352
 0.1781946063041687 0.15564836263656617 0.070405000448226923
 0.064388626813888544 0.06376315355300903 0.15185989141464235



# name: <cell-element>
# type: matrix
# rows: 3
# columns: 3
 0.18117564916610718 0.022485317289829256 0.1415359854698181
 0.18863179683685302 0.070568770170211792 0.12568918466567994
 0.10213361978530884 0.025414815545082091 0.15762568712234498



# name: <cell-element>
# type: matrix
# rows: 3
# columns: 3
 0.094950562715530401 0.10001273155212402 0.11659971475601197
 0.16772102117538451 0.1350885510444641 0.055557793378829955
 0.031911581754684448 0.10729135274887085 0.19900937080383302








# name: b
# type: global cell
# rows: 1
# columns: 2
# name: <cell-element>
# type: matrix
# rows: 4
# columns: 1
 186.43689632415771
 170.28909206390381
 189.61484670639038
 188.32907915115356



# name: <cell-element>
# type: matrix
# rows: 4
# columns: 1
 173.81095886230469
 150.88565453886986
 167.46848821640015
 175.59020519256592





# name: alpha
# type: global cell
# rows: 1
# columns: 2
# name: <cell-element>
# type: scalar
0.90000000000000002



# name: <cell-element>
# type: scalar
0.90000000000000002





# name: x_min
# type: global cell
# rows: 1
# columns: 2
# name: <cell-element>
# type: matrix
# rows: 4
# columns: 3
 56 56 56
 56 56 56
 56 56 56
 56 56 56



# name: <cell-element>
# type: matrix
# rows: 4
# columns: 3
 57 57 57
 57 57 57
 57 57 57
 57 57 57





# name: x_max
# type: global cell
# rows: 1
# columns: 2
# name: <cell-element>
# type: matrix
# rows: 4
# columns: 3
 200.63088126480579 206.1236172914505 201.3874788582325
 201.66561752557755 200.36888927221298 203.77881944179535
 202.26309955120087 203.69086682796478 203.75022381544113
 209.24468994140625 202.24428445100784 200.13536460697651



# name: <cell-element>
# type: matrix
# rows: 4
# columns: 3
 209.51996743679047 202.78528451919556 203.02859306335449
 207.19062566757202 205.80140471458435 202.93571472167969
 204.39593195915222 202.78497457504272 202.75353938341141
 204.23576295375824 205.60587406158447 203.15384119749069





# name: x_initial
# type: cell
# rows: 1
# columns: 2
# name: <cell-element>
# type: matrix
# rows: 4
# columns: 3
 13.536527156829834 13.536527156829834 13.536527156829834
 13.536527156829834 13.536527156829834 13.536527156829834
 13.536527156829834 13.536527156829834 13.536527156829834
 13.536527156829834 13.536527156829834 13.536527156829834



# name: <cell-element>
# type: matrix
# rows: 4
# columns: 3
 13.665921688079834 13.665921688079834 13.665921688079834
 13.665921688079834 13.665921688079834 13.665921688079834
 13.665921688079834 13.665921688079834 13.665921688079834
 13.665921688079834 13.665921688079834 13.665921688079834





# name: x
# type: global cell
# rows: 1
# columns: 2
# name: <cell-element>
# type: matrix
# rows: 4
# columns: 3
 93.095263169428875 93.139761957979971 93.118296683596398
 93.671417451509328 93.665105471464301 93.674582957918659
 94.246529304966188 92.841204805761308 93.982895231656144
 93.574797558437226 93.930965440943439 93.842036447983403



# name: <cell-element>
# type: matrix
# rows: 4
# columns: 3
 93.809487216763443 93.720477392039726 93.763397493460772
 92.657231661539768 92.669780708187162 92.650845368123711
 91.506896009508097 94.317536435561792 92.03423474425702
 92.850367478351458 92.138115583138827 92.315921702011238





# name: w
# type: matrix
# rows: 32
# columns: 1
 4.5336233040351406
 4.5397930995022895
 4.5459140012995958
 4.5387610903731082
 4.534101181806709
 4.5397257129622925
 4.5308905585491042
 4.542560102255992
 4.5338706921877883
 4.5398268926593648
 4.5431128000915724
 4.5416129053883463
 0.23562679591651556
 0.49077390785674124
 0.092901336926602393
 0.18069795930014051
 4.5412659939334246
 4.5289070032367764
 4.5164143356657167
 4.5309892455544958
 4.5403167074383983
 4.5290424292225095
 4.5466671366721609
 4.5232887076287698
 4.5407745612372601
 4.5288380770084009
 4.5221606246161627
 4.5252166261125604
 0.17478455009853999
 0.27547313446536931
 0.27641686482019062
 0.27332545061589997


# name: payoffs_history
# type: cell
# rows: 1
# columns: 2
# name: <cell-element>
# type: matrix
# rows: 1
# columns: 34
 41064.010996691519 198227.79072268782 104542.02627095851 105524.37383056033 105064.07772114968 105101.38029737277 105061.98626952751 105064.00446032618 105057.4249454136 105057.53612385178 105055.95708781874 105055.96330966955 105055.66986275956 105055.67006134894 105055.6289807088 105055.62898605097 105055.60180604976 105055.60180682607 105055.57726589087 105055.57726678222 105055.5555271309 105055.55552770504 105055.53526009207 105055.53526058706 105055.5157888534 105055.51578924773 105055.49726281545 105055.49726312184 105055.48061661542 105055.48061686428 105055.46669873816 105055.46669892284 105055.45290195844 105055.45290208208



# name: <cell-element>
# type: matrix
# rows: 1
# columns: 34
 42276.493745570624 28169.196583484721 103417.33461541668 109490.33590861851 109651.31850220318 109810.70887059759 109819.35868153298 109835.65366221746 109836.1264544305 109839.3510676458 109839.3773165391 109840.19526673124 109840.19666245337 109840.2863957838 109840.28650293438 109840.4323846513 109840.43243897788 109840.39349787247 109840.39354045354 109840.41023213774 109840.41026668306 109840.41438282069 109840.41441071463 109840.42583369471 109840.42585587889 109840.42990416492 109840.42992112717 109840.45235804509 109840.45237048314 109840.44449445803 109840.44450355551 109840.46207648398 109840.46208296152 109840.4646213603





# name: total_iter
# type: scalar
33


# name: opti
# type: cell
# rows: 1
# columns: 2
# name: <cell-element>
# type: matrix
# rows: 33
# columns: 1
 2.2204460492503131e-16
 0.23562679591651556
 0.49077390785674124
 0.092901336926602393
 0.18069795930014051
 37.095263169428875
 37.671417451509328
 38.246529304966188
 37.574797558437226
 37.139761957979971
 37.665105471464301
 36.841204805761308
 37.930965440943439
 37.118296683596398
 37.674582957918659
 37.982895231656144
 37.842036447983403
 107.53561809537692
 107.99420007406822
 108.01657024623468
 115.66989238296902
 112.98385533347053
 106.70378380074868
 110.84966202220347
 108.3133190100644
 108.2691821746361
 110.10423648387669
 109.76732858378499
 106.29332815899311
 3.3550362229729416
 1.115147959677671
 20.414320138538955
 3.3820280873493545



# name: <cell-element>
# type: matrix
# rows: 33
# columns: 1
 1.1102230246251565e-16
 0.17478455009853999
 0.27547313446536931
 0.27641686482019062
 0.27332545061589997
 36.809487216763443
 35.657231661539768
 34.506896009508097
 35.850367478351458
 36.720477392039726
 35.669780708187162
 37.317536435561792
 35.138115583138827
 36.763397493460772
 35.650845368123711
 35.03423474425702
 35.315921702011238
 115.71048022002702
 114.53339400603225
 112.88903594964412
 111.38539547540678
 109.06480712715583
 113.13162400639719
 108.46743813948093
 113.46775847844565
 109.26519556989372
 110.28486935355598
 110.71930463915439
 110.83791949547945
 -9.5103317221401085e-08
 -2.6499725436224253e-07
 -3.6905038314216654e-07
 -1.0918188309005927e-07





