# Created by Octave 5.2.0, Sun Jun 21 15:46:01 2020 IST <nalin@nalinspc>
# name: N1
# type: global scalar
0


# name: N2
# type: global scalar
0


# name: N3
# type: global scalar
4


# name: M
# type: global scalar
3


# name: beta
# type: global matrix
# rows: 4
# columns: 3
 300 300 300
 300 300 300
 300 300 300
 300 300 300


# name: delta
# type: global matrix
# rows: 4
# columns: 3
 1 1 1
 1 1 1
 1 1 1
 1 1 1


# name: c
# type: global cell
# rows: 1
# columns: 2
# name: <cell-element>
# type: matrix
# rows: 4
# columns: 3
 20 20 20
 20 20 20
 20 20 20
 20 20 20



# name: <cell-element>
# type: matrix
# rows: 4
# columns: 3
 15 15 15
 15 15 15
 15 15 15
 15 15 15





# name: A_u
# type: global cell
# rows: 1
# columns: 2
# name: <cell-element>
# type: matrix
# rows: 4
# columns: 3
 0.21849790215492249 0.25119432806968689 0.25776587128639222
 0.29547535777091982 0.24399213492870331 0.24289737343788148
 0.2968732595443726 0.28216945528984072 0.28334438800811768
 0.20155710000544788 0.24347410202026368 0.26258114576339719



# name: <cell-element>
# type: matrix
# rows: 4
# columns: 3
 0.25359262824058532 0.2268893748521805 0.20732535272836686
 0.20710484310984612 0.20332953333854675 0.21094121336936952
 0.24275120794773103 0.21525239795446396 0.23537687957286835
 0.24246200025081635 0.29935661554336546 0.24760217666625978





# name: A_v
# type: global cell
# rows: 1
# columns: 2
# name: <cell-element>
# type: cell
# rows: 1
# columns: 4
# name: <cell-element>
# type: matrix
# rows: 3
# columns: 3
 0.033037089201897026 0.030226456950461777 0.04100864791881207
 0.030226456950461777 0.054113267579388516 0.051757424915223713
 0.04100864791881207 0.051757424915223713 0.058629992630638554



# name: <cell-element>
# type: matrix
# rows: 3
# columns: 3
 0.047073497402518462 0.05145336666007503 0.031899979191968575
 0.05145336666007503 0.071765395238103769 0.037230741004036907
 0.031899979191968575 0.037230741004036907 0.033490308823018594



# name: <cell-element>
# type: matrix
# rows: 3
# columns: 3
 0.018572283652249666 0.0055520656980476571 0.029650883300714807
 0.0055520656980476571 0.0034594436212684481 0.0065283093193397685
 0.029650883300714807 0.0065283093193397685 0.05527075792448613



# name: <cell-element>
# type: matrix
# rows: 3
# columns: 3
 0.030834027127230039 0.041744649521288792 0.027326203077293398
 0.041744649521288792 0.068944087412891833 0.049382170365268249
 0.027326203077293398 0.049382170365268249 0.045646410445061868






# name: <cell-element>
# type: cell
# rows: 1
# columns: 4
# name: <cell-element>
# type: matrix
# rows: 3
# columns: 3
 0.0092502465316893559 0.0050374701597762604 0.023873439102862725
 0.0050374701597762604 0.0091843402842704536 0.020725470301269755
 0.023873439102862725 0.020725470301269755 0.092888519642716716



# name: <cell-element>
# type: matrix
# rows: 3
# columns: 3
 0.01715329300182937 0.021555328532827076 0.022282134493601159
 0.021555328532827076 0.060936594595456521 0.032090032175752299
 0.022282134493601159 0.032090032175752299 0.03127306163446978



# name: <cell-element>
# type: matrix
# rows: 3
# columns: 3
 0.053362640527297209 0.053551792047871298 0.041385292019899669
 0.053551792047871298 0.056359677243159358 0.040870984591449097
 0.041385292019899669 0.040870984591449097 0.035923046380431971



# name: <cell-element>
# type: matrix
# rows: 3
# columns: 3
 0.032613649313696452 0.035913803191646561 0.036964959774587351
 0.035913803191646561 0.049465925972531327 0.030902597965233199
 0.036964959774587351 0.030902597965233199 0.052134513092506052








# name: A_s
# type: global cell
# rows: 1
# columns: 2
# name: <cell-element>
# type: cell
# rows: 1
# columns: 4
# name: <cell-element>
# type: matrix
# rows: 3
# columns: 3
 0.11624020338058472 0.13907753229141234 0.013518296182155609
 0.12267957925796509 0.098124325275421143 0.17156516313552855
 0.15921366214752197 0.15198394060134887 0.10090532302856445



# name: <cell-element>
# type: matrix
# rows: 3
# columns: 3
 0.18915529251098634 0.040177220106124879 0.098384773731231695
 0.14772058725357057 0.11289607286453247 0.19286912679672241
 0.1325289249420166 0.1248432993888855 0.018453820049762724



# name: <cell-element>
# type: matrix
# rows: 3
# columns: 3
 0.037830415368080142 0.043990081548690795 0.12331267595291137
 0.052062535285949708 0.0087881587445735928 0.025917258858680726
 0.0081902027130126946 0.14176349639892577 0.18736805915832519



# name: <cell-element>
# type: matrix
# rows: 3
# columns: 3
 0.11659436225891114 0.12644872665405274 0.035362428426742552
 0.12344791889190673 0.17326555252075196 0.15389524698257445
 0.0041280176490545275 0.1802363634109497 0.11464825868606568






# name: <cell-element>
# type: cell
# rows: 1
# columns: 4
# name: <cell-element>
# type: matrix
# rows: 3
# columns: 3
 0.014777512848377227 0.089540243148803711 0.031849905848503113
 0.086371219158172613 0.041501185297966002 0.001415769848972559
 0.15503895282745361 0.1699102520942688 0.19995486736297607



# name: <cell-element>
# type: matrix
# rows: 3
# columns: 3
 0.018076163530349732 0.067758637666702273 0.11061334609985352
 0.1781946063041687 0.15564836263656617 0.070405000448226923
 0.064388626813888544 0.06376315355300903 0.15185989141464235



# name: <cell-element>
# type: matrix
# rows: 3
# columns: 3
 0.18117564916610718 0.022485317289829256 0.1415359854698181
 0.18863179683685302 0.070568770170211792 0.12568918466567994
 0.10213361978530884 0.025414815545082091 0.15762568712234498



# name: <cell-element>
# type: matrix
# rows: 3
# columns: 3
 0.094950562715530401 0.10001273155212402 0.11659971475601197
 0.16772102117538451 0.1350885510444641 0.055557793378829955
 0.031911581754684448 0.10729135274887085 0.19900937080383302








# name: b
# type: global cell
# rows: 1
# columns: 2
# name: <cell-element>
# type: matrix
# rows: 4
# columns: 1
 186.43689632415771
 170.28909206390381
 189.61484670639038
 188.32907915115356



# name: <cell-element>
# type: matrix
# rows: 4
# columns: 1
 173.81095886230469
 150.88565453886986
 167.46848821640015
 175.59020519256592





# name: alpha
# type: global cell
# rows: 1
# columns: 2
# name: <cell-element>
# type: scalar
0.90000000000000002



# name: <cell-element>
# type: scalar
0.90000000000000002





# name: x_min
# type: global cell
# rows: 1
# columns: 2
# name: <cell-element>
# type: matrix
# rows: 4
# columns: 3
 56 56 56
 56 56 56
 56 56 56
 56 56 56



# name: <cell-element>
# type: matrix
# rows: 4
# columns: 3
 57 57 57
 57 57 57
 57 57 57
 57 57 57





# name: x_max
# type: global cell
# rows: 1
# columns: 2
# name: <cell-element>
# type: matrix
# rows: 4
# columns: 3
 200.63088126480579 206.1236172914505 201.3874788582325
 201.66561752557755 200.36888927221298 203.77881944179535
 202.26309955120087 203.69086682796478 203.75022381544113
 209.24468994140625 202.24428445100784 200.13536460697651



# name: <cell-element>
# type: matrix
# rows: 4
# columns: 3
 209.51996743679047 202.78528451919556 203.02859306335449
 207.19062566757202 205.80140471458435 202.93571472167969
 204.39593195915222 202.78497457504272 202.75353938341141
 204.23576295375824 205.60587406158447 203.15384119749069





# name: x_initial
# type: cell
# rows: 1
# columns: 2
# name: <cell-element>
# type: matrix
# rows: 4
# columns: 3
 33.536527156829834 33.536527156829834 33.536527156829834
 33.536527156829834 33.536527156829834 33.536527156829834
 33.536527156829834 33.536527156829834 33.536527156829834
 33.536527156829834 33.536527156829834 33.536527156829834



# name: <cell-element>
# type: matrix
# rows: 4
# columns: 3
 33.665921688079834 33.665921688079834 33.665921688079834
 33.665921688079834 33.665921688079834 33.665921688079834
 33.665921688079834 33.665921688079834 33.665921688079834
 33.665921688079834 33.665921688079834 33.665921688079834





# name: x
# type: global cell
# rows: 1
# columns: 2
# name: <cell-element>
# type: matrix
# rows: 4
# columns: 3
 93.095338497231367 93.139856352549245 93.118347375231494
 93.671006714037745 93.664927206740174 93.674441797508265
 94.246633934170987 92.841284082857101 93.983032105084504
 93.574853820213988 93.93095327204415 93.84211401463088



# name: <cell-element>
# type: matrix
# rows: 4
# columns: 3
 93.80933219920874 93.72029679688309 93.763284334225204
 92.657977719573068 92.670090007345848 92.651073389608882
 91.506687746373899 94.317375156365259 92.033948840263051
 92.850254106185005 92.138139642128323 92.315758330004869





# name: w
# type: matrix
# rows: 32
# columns: 1
 4.5336241131823458
 4.539788714617516
 4.5459151114640495
 4.5387616916221765
 4.5341021952785008
 4.5397238097466515
 4.5308914124486428
 4.5425599727044643
 4.5338712365665312
 4.5398253857349431
 4.543114256455822
 4.5416137319541194
 0.21993623138770912
 0.48962186521702394
 0.11549930550831748
 0.17494259788694957
 4.5412643414600193
 4.5289150550101391
 4.5164120597348276
 4.5309880245336345
 4.540314780481391
 4.529045766865484
 4.5466654267108906
 4.5232889687474849
 4.540773354377154
 4.5288405380890708
 4.5221575181152085
 4.5252148564053645
 0.17478225126424976
 0.27548217976215328
 0.27641194542163899
 0.27332362355195805


# name: payoffs_history
# type: cell
# rows: 1
# columns: 2
# name: <cell-element>
# type: matrix
# rows: 1
# columns: 38
 85637.890238634878 174390.8890410712 104704.12659115734 105430.51712426238 105073.21330491031 105097.90270990386 105062.64267151264 105063.9568905184 105057.46420582369 105057.53538359227 105055.95276551969 105055.95668186595 105055.80957875104 105055.80960891186 105055.71495486971 105055.71496236151 105055.67653106505 105055.67653157648 105055.64206065593 105055.64206174704 105055.61178590346 105055.61178682686 105055.58341242204 105055.58341317099 105055.55879600039 105055.55879661147 105055.53663327306 105055.53663380083 105055.51853881146 105055.51853922688 105055.50206426594 105055.50206460692 105055.48749502379 105055.48749527871 105055.47429784414 105055.47429803117 105055.45962828794 105055.4596284446



# name: <cell-element>
# type: matrix
# rows: 1
# columns: 38
 87988.263612513983 61517.25920793556 103887.95959183376 109574.21726976802 109681.64527457728 109814.45442614213 109820.13492631208 109835.78596430208 109836.09118654035 109839.35466231543 109839.37137598087 109840.27552885129 109840.27605335071 109840.30191799824 109840.30215562921 109840.27438366327 109840.27446952282 109840.36939806977 109840.36946699253 109840.38374253866 109840.38379680921 109840.40352777095 109840.40357155791 109840.41107944137 109840.41111511902 109840.41348300877 109840.41351237656 109840.42723005931 109840.42725360167 109840.43216415717 109840.43218277425 109840.43784838353 109840.43786243543 109840.4422910896 109840.44230167498 109840.46216081106 109840.46216847375 109840.47073992901





# name: total_iter
# type: scalar
37


# name: opti
# type: cell
# rows: 1
# columns: 2
# name: <cell-element>
# type: matrix
# rows: 33
# columns: 1
 0
 0.21993623138770912
 0.48962186521702394
 0.11549930550831748
 0.17494259788694957
 37.095338497231367
 37.671006714037745
 38.246633934170987
 37.574853820213988
 37.139856352549245
 37.664927206740174
 36.841284082857101
 37.93095327204415
 37.118347375231494
 37.674441797508265
 37.983032105084504
 37.84211401463088
 107.53554276757443
 107.9946108115398
 108.01646561702988
 115.66983612119226
 112.98376093890126
 106.70396206547281
 110.84958274510768
 108.31333117896369
 108.269131483001
 110.10437764428708
 109.76719171035663
 106.29325059234563
 1.6626641779464109
 1.0506602608549969
 23.521038494308584
 2.634535037937809



# name: <cell-element>
# type: matrix
# rows: 33
# columns: 1
 0
 0.17478225126424976
 0.27548217976215328
 0.27641194542163899
 0.27332362355195805
 36.80933219920874
 35.657977719573068
 34.506687746373899
 35.850254106185005
 36.72029679688309
 35.670090007345848
 37.317375156365259
 35.138139642128323
 36.763284334225204
 35.651073389608882
 35.033948840263051
 35.315758330004869
 115.71063523758173
 114.53264794799895
 112.88924421277832
 111.38550884757323
 109.06498772231247
 113.1313147072385
 108.46759941867747
 113.46773441945615
 109.26530872912929
 110.28464133207081
 110.71959054314836
 110.83808286748582
 -9.4313747922569746e-08
 -2.5358354491800128e-06
 -2.2119335767456505e-06
 -3.6890114074594749e-07





