# Created by Octave 5.2.0, Sun Jun 21 15:41:20 2020 IST <nalin@nalinspc>
# name: N1
# type: global scalar
0


# name: N2
# type: global scalar
0


# name: N3
# type: global scalar
4


# name: M
# type: global scalar
3


# name: beta
# type: global matrix
# rows: 4
# columns: 3
 300 300 300
 300 300 300
 300 300 300
 300 300 300


# name: delta
# type: global matrix
# rows: 4
# columns: 3
 1 1 1
 1 1 1
 1 1 1
 1 1 1


# name: c
# type: global cell
# rows: 1
# columns: 2
# name: <cell-element>
# type: matrix
# rows: 4
# columns: 3
 20 20 20
 20 20 20
 20 20 20
 20 20 20



# name: <cell-element>
# type: matrix
# rows: 4
# columns: 3
 15 15 15
 15 15 15
 15 15 15
 15 15 15





# name: A_u
# type: global matrix
# rows: 0
# columns: 0


# name: A_v
# type: global matrix
# rows: 0
# columns: 0


# name: A_s
# type: global matrix
# rows: 0
# columns: 0


# name: b
# type: global matrix
# rows: 0
# columns: 0


# name: alpha
# type: global cell
# rows: 1
# columns: 2
# name: <cell-element>
# type: scalar
0.90000000000000002



# name: <cell-element>
# type: scalar
0.90000000000000002





# name: x_min
# type: global cell
# rows: 1
# columns: 2
# name: <cell-element>
# type: matrix
# rows: 4
# columns: 3
 56 56 56
 56 56 56
 56 56 56
 56 56 56



# name: <cell-element>
# type: matrix
# rows: 4
# columns: 3
 57 57 57
 57 57 57
 57 57 57
 57 57 57





# name: x_max
# type: global cell
# rows: 1
# columns: 2
# name: <cell-element>
# type: matrix
# rows: 4
# columns: 3
 200.63088126480579 206.1236172914505 201.3874788582325
 201.66561752557755 200.36888927221298 203.77881944179535
 202.26309955120087 203.69086682796478 203.75022381544113
 209.24468994140625 202.24428445100784 200.13536460697651



# name: <cell-element>
# type: matrix
# rows: 4
# columns: 3
 209.51996743679047 202.78528451919556 203.02859306335449
 207.19062566757202 205.80140471458435 202.93571472167969
 204.39593195915222 202.78497457504272 202.75353938341141
 204.23576295375824 205.60587406158447 203.15384119749069





# name: x_initial
# type: cell
# rows: 1
# columns: 2
# name: <cell-element>
# type: matrix
# rows: 4
# columns: 3
 13.536527156829834 13.536527156829834 13.536527156829834
 13.536527156829834 13.536527156829834 13.536527156829834
 13.536527156829834 13.536527156829834 13.536527156829834
 13.536527156829834 13.536527156829834 13.536527156829834



# name: <cell-element>
# type: matrix
# rows: 4
# columns: 3
 13.665921688079834 13.665921688079834 13.665921688079834
 13.665921688079834 13.665921688079834 13.665921688079834
 13.665921688079834 13.665921688079834 13.665921688079834
 13.665921688079834 13.665921688079834 13.665921688079834





# name: x
# type: global cell
# rows: 1
# columns: 2
# name: <cell-element>
# type: matrix
# rows: 4
# columns: 3
 91.666659632594616 91.666668241286189 91.666656711723377
 91.666665823519963 91.666667409824015 91.666663074177151
 91.666665887972968 91.666661518570734 91.666667042895071
 91.666661190670524 91.66666444878048 91.666671889614264



# name: <cell-element>
# type: matrix
# rows: 4
# columns: 3
 96.666657073404323 96.666658527556621 96.666657436416969
 96.666656278301815 96.666659380082265 96.666653463026364
 96.666662053193662 96.666656778391371 96.666656531753063
 96.666659134442725 96.666657341140336 96.666655050938857





# name: w
# type: matrix
# rows: 32
# columns: 1
 4.5181587322631271
 4.5181587998004975
 4.5181588005036213
 4.5181587492603201
 4.518158826176129
 4.5181588171056326
 4.5181587528374134
 4.5181587848033393
 4.5181587003990744
 4.5181587698076662
 4.5181588131027715
 4.5181588659760701
 0.25000000000027572
 0.24999999999983408
 0.24999999999986117
 0.25000000000002903
 4.5712685350717601
 4.5712685268465609
 4.5712685865868261
 4.571268556392849
 4.5712685501147163
 4.5712685589339479
 4.5712685320199018
 4.5712685378414433
 4.5712685388270637
 4.5712684977230182
 4.5712685294684707
 4.5712685141497014
 0.25000000000004036
 0.24999999999998829
 0.24999999999997907
 0.24999999999999234


# name: payoffs_history
# type: cell
# rows: 1
# columns: 2
# name: <cell-element>
# type: matrix
# rows: 1
# columns: 23
 41064.010996691519 212801.52381077988 113324.85210528871 124950.24889113367 105893.78105126716 106620.36862652611 102219.54011981952 102264.95192394398 101187.45934430129 101190.29765991861 100922.25418055535 100922.43135498741 100855.60590933282 100855.61698369004 100839.08178068764 100839.08243098742 100834.74981592789 100834.74986290623 100833.15674225039 100833.15674423584 100833.28085272593 100833.28085290831 100833.34350387339



# name: <cell-element>
# type: matrix
# rows: 1
# columns: 23
 42276.493745570624 22658.159112443489 69159.74326657076 97514.801537659863 100421.15009337346 108963.0911699367 109144.73811486791 111371.03671429808 111382.38947703326 111944.78263165927 111945.49254144949 112086.3049779594 112086.34923038926 112121.76121732495 112121.7640143272 112130.2644006148 112130.26458366588 112132.95406758346 112132.95408161735 112133.50600816806 112133.50600824982 112133.33595571613 112133.33595574117





# name: total_iter
# type: scalar
22


# name: opti
# type: cell
# rows: 1
# columns: 2
# name: <cell-element>
# type: matrix
# rows: 29
# columns: 1
 0
 0.25000000000027572
 0.24999999999983408
 0.24999999999986117
 0.25000000000002903
 35.666659632594616
 35.666665823519963
 35.666665887972968
 35.666661190670524
 35.666668241286189
 35.666667409824015
 35.666661518570734
 35.66666444878048
 35.666656711723377
 35.666663074177151
 35.666667042895071
 35.666671889614264
 108.96422163221118
 109.99895170205758
 110.5964336632279
 117.57802875073573
 114.45694905016431
 108.70222186238897
 112.02420530939405
 110.57762000222736
 109.72082214650912
 112.1121563676182
 112.08355677254606
 108.46869271736225



# name: <cell-element>
# type: matrix
# rows: 29
# columns: 1
 0
 0.25000000000004036
 0.24999999999998829
 0.24999999999997907
 0.24999999999999234
 39.666657073404323
 39.666656278301815
 39.666662053193662
 39.666659134442725
 39.666658527556621
 39.666659380082265
 39.666656778391371
 39.666657341140336
 39.666657436416969
 39.666653463026364
 39.666656531753063
 39.666655050938857
 112.85331036338614
 110.52396938927021
 107.72926990595856
 107.56910381931552
 106.11862599163894
 109.13474533450209
 106.11831779665135
 108.93921672044414
 106.36193562693752
 106.26906125865332
 106.08688285165834
 106.48718614655184





