# Created by Octave 5.2.0, Sun Jun 21 15:42:57 2020 IST <nalin@nalinspc>
# name: N1
# type: global scalar
0


# name: N2
# type: global scalar
0


# name: N3
# type: global scalar
4


# name: M
# type: global scalar
3


# name: beta
# type: global matrix
# rows: 4
# columns: 3
 300 300 300
 300 300 300
 300 300 300
 300 300 300


# name: delta
# type: global matrix
# rows: 4
# columns: 3
 1 1 1
 1 1 1
 1 1 1
 1 1 1


# name: c
# type: global cell
# rows: 1
# columns: 2
# name: <cell-element>
# type: matrix
# rows: 4
# columns: 3
 20 20 20
 20 20 20
 20 20 20
 20 20 20



# name: <cell-element>
# type: matrix
# rows: 4
# columns: 3
 15 15 15
 15 15 15
 15 15 15
 15 15 15





# name: A_u
# type: global matrix
# rows: 0
# columns: 0


# name: A_v
# type: global matrix
# rows: 0
# columns: 0


# name: A_s
# type: global matrix
# rows: 0
# columns: 0


# name: b
# type: global matrix
# rows: 0
# columns: 0


# name: alpha
# type: global cell
# rows: 1
# columns: 2
# name: <cell-element>
# type: scalar
0.90000000000000002



# name: <cell-element>
# type: scalar
0.90000000000000002





# name: x_min
# type: global cell
# rows: 1
# columns: 2
# name: <cell-element>
# type: matrix
# rows: 4
# columns: 3
 56 56 56
 56 56 56
 56 56 56
 56 56 56



# name: <cell-element>
# type: matrix
# rows: 4
# columns: 3
 57 57 57
 57 57 57
 57 57 57
 57 57 57





# name: x_max
# type: global cell
# rows: 1
# columns: 2
# name: <cell-element>
# type: matrix
# rows: 4
# columns: 3
 200.63088126480579 206.1236172914505 201.3874788582325
 201.66561752557755 200.36888927221298 203.77881944179535
 202.26309955120087 203.69086682796478 203.75022381544113
 209.24468994140625 202.24428445100784 200.13536460697651



# name: <cell-element>
# type: matrix
# rows: 4
# columns: 3
 209.51996743679047 202.78528451919556 203.02859306335449
 207.19062566757202 205.80140471458435 202.93571472167969
 204.39593195915222 202.78497457504272 202.75353938341141
 204.23576295375824 205.60587406158447 203.15384119749069





# name: x_initial
# type: cell
# rows: 1
# columns: 2
# name: <cell-element>
# type: matrix
# rows: 4
# columns: 3
 143.53652715682983 143.53652715682983 143.53652715682983
 143.53652715682983 143.53652715682983 143.53652715682983
 143.53652715682983 143.53652715682983 143.53652715682983
 143.53652715682983 143.53652715682983 143.53652715682983



# name: <cell-element>
# type: matrix
# rows: 4
# columns: 3
 143.66592168807983 143.66592168807983 143.66592168807983
 143.66592168807983 143.66592168807983 143.66592168807983
 143.66592168807983 143.66592168807983 143.66592168807983
 143.66592168807983 143.66592168807983 143.66592168807983





# name: x
# type: global cell
# rows: 1
# columns: 2
# name: <cell-element>
# type: matrix
# rows: 4
# columns: 3
 91.666694607042217 91.666696350811094 91.666694936313348
 91.666695164182741 91.666694554109284 91.666695054679977
 91.666692568166113 91.66668963659491 91.66669459535197
 91.666700834485837 91.666699409210111 91.66669626406032



# name: <cell-element>
# type: matrix
# rows: 4
# columns: 3
 96.666614752718687 96.666600117567569 96.666598393925455
 96.666608100187091 96.666600514517114 96.666597392965386
 96.666606738447769 96.666617285912935 96.666601035537255
 96.666592629349196 96.66659473887529 96.666604818825178





# name: w
# type: matrix
# rows: 32
# columns: 1
 4.5181591138025121
 4.5181591198804067
 4.5181590915602339
 4.5181591817382376
 4.5181591328254394
 4.518159113225062
 4.5181590595794656
 4.5181591661897809
 4.5181591173945597
 4.5181591186858316
 4.5181591136749821
 4.5181591318790675
 0.25000000000008882
 0.25000000000011086
 0.24999999999993902
 0.24999999999986128
 4.5712680972714246
 4.571268028452093
 4.5712680143651259
 4.5712678684088326
 4.5712679458732168
 4.5712679499795943
 4.5712681234768962
 4.5712678902315327
 4.571267928042424
 4.5712679176876572
 4.5712679553694615
 4.5712679945069485
 0.25000000000002137
 0.25000000000000405
 0.2499999999999708
 0.25000000000000377


# name: payoffs_history
# type: cell
# rows: 1
# columns: 2
# name: <cell-element>
# type: matrix
# rows: 1
# columns: 20
 -12405.773930676649 55760.942727482237 84595.144286715047 88322.713575622314 97395.045565744134 97628.018375938118 100012.59444381397 100027.15522310855 100630.57695677665 100631.4869900803 100782.87009076183 100782.92702886916 100820.76351866766 100820.76702389232 100830.20571345498 100830.20593142162 100833.21476385972 100833.21476942848 100833.40331911467 100833.40331911946



# name: <cell-element>
# type: matrix
# rows: 1
# columns: 20
 -3797.0021192975323 126139.32040805367 141049.59796880552 118119.8746667614 119051.76696441416 113785.28066700701 113843.52412226412 112556.02393104519 112559.66411583514 112239.61671195482 112239.84421298231 112159.77154401451 112159.78576756558 112139.98663598349 112139.98751468294 112134.19382745035 112134.1939000267 112133.27442514128 112133.27442533703 112133.30008238877





# name: total_iter
# type: scalar
19


# name: opti
# type: cell
# rows: 1
# columns: 2
# name: <cell-element>
# type: matrix
# rows: 29
# columns: 1
 0
 0.25000000000008882
 0.25000000000011086
 0.24999999999993902
 0.24999999999986128
 35.666694607042217
 35.666695164182741
 35.666692568166113
 35.666700834485837
 35.666696350811094
 35.666694554109284
 35.66668963659491
 35.666699409210111
 35.666694936313348
 35.666695054679977
 35.66669459535197
 35.66669626406032
 108.96418665776358
 109.9989223613948
 110.59640698303475
 117.57798910692041
 114.45692094063941
 108.7021947181037
 112.02417719136987
 110.57758504179773
 109.72078392191915
 112.11212438711537
 112.08352922008916
 108.46866834291619



# name: <cell-element>
# type: matrix
# rows: 29
# columns: 1
 0
 0.25000000000002137
 0.25000000000000405
 0.2499999999999708
 0.25000000000000377
 39.666614752718687
 39.666608100187091
 39.666606738447769
 39.666592629349196
 39.666600117567569
 39.666600514517114
 39.666617285912935
 39.66659473887529
 39.666598393925455
 39.666597392965386
 39.666601035537255
 39.666604818825178
 112.85335268407178
 110.52401756738493
 107.72932522070445
 107.56917032440904
 106.11868440162799
 109.13480420006724
 106.11835728912979
 108.93927932270918
 106.36199466942904
 106.2691173287143
 106.08693834787415
 106.48723637866551





