# Created by Octave 5.2.0, Sun Jun 21 15:43:29 2020 IST <nalin@nalinspc>
# name: N1
# type: global scalar
0


# name: N2
# type: global scalar
0


# name: N3
# type: global scalar
4


# name: M
# type: global scalar
3


# name: beta
# type: global matrix
# rows: 4
# columns: 3
 300 300 300
 300 300 300
 300 300 300
 300 300 300


# name: delta
# type: global matrix
# rows: 4
# columns: 3
 1 1 1
 1 1 1
 1 1 1
 1 1 1


# name: c
# type: global cell
# rows: 1
# columns: 2
# name: <cell-element>
# type: matrix
# rows: 4
# columns: 3
 20 20 20
 20 20 20
 20 20 20
 20 20 20



# name: <cell-element>
# type: matrix
# rows: 4
# columns: 3
 15 15 15
 15 15 15
 15 15 15
 15 15 15





# name: A_u
# type: global matrix
# rows: 0
# columns: 0


# name: A_v
# type: global matrix
# rows: 0
# columns: 0


# name: A_s
# type: global matrix
# rows: 0
# columns: 0


# name: b
# type: global matrix
# rows: 0
# columns: 0


# name: alpha
# type: global cell
# rows: 1
# columns: 2
# name: <cell-element>
# type: scalar
0.90000000000000002



# name: <cell-element>
# type: scalar
0.90000000000000002





# name: x_min
# type: global cell
# rows: 1
# columns: 2
# name: <cell-element>
# type: matrix
# rows: 4
# columns: 3
 56 56 56
 56 56 56
 56 56 56
 56 56 56



# name: <cell-element>
# type: matrix
# rows: 4
# columns: 3
 57 57 57
 57 57 57
 57 57 57
 57 57 57





# name: x_max
# type: global cell
# rows: 1
# columns: 2
# name: <cell-element>
# type: matrix
# rows: 4
# columns: 3
 200.63088126480579 206.1236172914505 201.3874788582325
 201.66561752557755 200.36888927221298 203.77881944179535
 202.26309955120087 203.69086682796478 203.75022381544113
 209.24468994140625 202.24428445100784 200.13536460697651



# name: <cell-element>
# type: matrix
# rows: 4
# columns: 3
 209.51996743679047 202.78528451919556 203.02859306335449
 207.19062566757202 205.80140471458435 202.93571472167969
 204.39593195915222 202.78497457504272 202.75353938341141
 204.23576295375824 205.60587406158447 203.15384119749069





# name: x_initial
# type: cell
# rows: 1
# columns: 2
# name: <cell-element>
# type: matrix
# rows: 4
# columns: 3
 183.53652715682983 183.53652715682983 183.53652715682983
 183.53652715682983 183.53652715682983 183.53652715682983
 183.53652715682983 183.53652715682983 183.53652715682983
 183.53652715682983 183.53652715682983 183.53652715682983



# name: <cell-element>
# type: matrix
# rows: 4
# columns: 3
 183.66592168807983 183.66592168807983 183.66592168807983
 183.66592168807983 183.66592168807983 183.66592168807983
 183.66592168807983 183.66592168807983 183.66592168807983
 183.66592168807983 183.66592168807983 183.66592168807983





# name: x
# type: global cell
# rows: 1
# columns: 2
# name: <cell-element>
# type: matrix
# rows: 4
# columns: 3
 91.666785661725314 91.666793582711463 91.666791773514547
 91.666781409146878 91.666786419084517 91.666789706952159
 91.666777471589825 91.666796615773904 91.666788383132598
 91.666791628970444 91.666793531593484 91.666802171785136



# name: <cell-element>
# type: matrix
# rows: 4
# columns: 3
 96.666613196924303 96.666612786362222 96.666610007727243
 96.666608176738578 96.666611305667161 96.666605305803301
 96.666614489312309 96.666604480214801 96.66660824387229
 96.666600876673044 96.666605875460291 96.666602975378723





# name: w
# type: matrix
# rows: 32
# columns: 1
 4.5181601071255315
 4.5181600607338259
 4.5181600177787109
 4.5181601722226645
 4.5181601935361737
 4.5181601153876212
 4.5181602266240812
 4.5181601929785238
 4.5181601737995072
 4.5181601512552207
 4.518160136813572
 4.5181602872350251
 0.24999999999946468
 0.25000000000038747
 0.25000000000086803
 0.24999999999927991
 4.5712680811769912
 4.5712680292440053
 4.5712680945465296
 4.5712679537260374
 4.5712680769297949
 4.5712680616122512
 4.5712679910040803
 4.5712680054376635
 4.5712680481852788
 4.5712679995446566
 4.5712680299384925
 4.5712679754368004
 0.24999999999962713
 0.25000000000020006
 0.25000000000002814
 0.25000000000014477


# name: payoffs_history
# type: cell
# rows: 1
# columns: 2
# name: <cell-element>
# type: matrix
# rows: 1
# columns: 21
 -192058.01544678962 27104.500000716878 73584.011383233083 82170.763667518637 95452.133381057938 95988.805192867032 99577.48171089997 99611.023713577553 100524.957095691 100527.053448538 100756.58861175115 100756.7196454256 100813.9206534666 100813.92881072247 100828.79032184376 100828.7908883396 100831.79978991741 100831.7998056928 100833.41500893513 100833.41501250009 100833.3977088918



# name: <cell-element>
# type: matrix
# rows: 1
# columns: 21
 -181173.4623854105 99915.895998264634 157322.99543196824 120568.49855153268 122715.18231907752 114599.90432595546 114734.07175696859 112772.33673234067 112780.7221464343 112294.48757549947 112295.01166815832 112173.78017336948 112173.81289004741 112143.69950401361 112143.70158545453 112135.48450930104 112135.48462984289 112133.92969051019 112133.92970474294 112133.1904256319 112133.19042563398





# name: total_iter
# type: scalar
20


# name: opti
# type: cell
# rows: 1
# columns: 2
# name: <cell-element>
# type: matrix
# rows: 29
# columns: 1
 0
 0.24999999999946468
 0.25000000000038747
 0.25000000000086803
 0.24999999999927991
 35.666785661725314
 35.666781409146878
 35.666777471589825
 35.666791628970444
 35.666793582711463
 35.666786419084517
 35.666796615773904
 35.666793531593484
 35.666791773514547
 35.666789706952159
 35.666788383132598
 35.666802171785136
 108.96409560308048
 109.99883611643067
 110.59632207961104
 117.57789831243581
 114.45682370873904
 108.70210285312847
 112.02407021219088
 110.57749091941436
 109.72068708471795
 112.11202973484319
 112.08343543230853
 108.46856243519137



# name: <cell-element>
# type: matrix
# rows: 29
# columns: 1
 0
 0.24999999999962713
 0.25000000000020006
 0.25000000000002814
 0.25000000000014477
 39.666613196924303
 39.666608176738578
 39.666614489312309
 39.666600876673044
 39.666612786362222
 39.666611305667161
 39.666604480214801
 39.666605875460291
 39.666610007727243
 39.666605305803301
 39.66660824387229
 39.666602975378723
 112.85335423986616
 110.52401749083344
 107.72931746983991
 107.5691620770852
 106.11867173283333
 109.13479340891719
 106.11837009482792
 108.93926818612418
 106.36198305562725
 106.26910941587639
 106.08693113953912
 106.48723822211197





