# Created by Octave 5.2.0, Sun Jun 21 15:51:33 2020 IST <nalin@nalinspc>
# name: N1
# type: global scalar
0


# name: N2
# type: global scalar
0


# name: N3
# type: global scalar
4


# name: M
# type: global scalar
3


# name: beta
# type: global matrix
# rows: 4
# columns: 3
 300 300 300
 300 300 300
 300 300 300
 300 300 300


# name: delta
# type: global matrix
# rows: 4
# columns: 3
 1 1 1
 1 1 1
 1 1 1
 1 1 1


# name: c
# type: global cell
# rows: 1
# columns: 2
# name: <cell-element>
# type: matrix
# rows: 4
# columns: 3
 20 20 20
 20 20 20
 20 20 20
 20 20 20



# name: <cell-element>
# type: matrix
# rows: 4
# columns: 3
 15 15 15
 15 15 15
 15 15 15
 15 15 15





# name: A_u
# type: global cell
# rows: 1
# columns: 2
# name: <cell-element>
# type: matrix
# rows: 4
# columns: 3
 0.21849790215492249 0.25119432806968689 0.25776587128639222
 0.29547535777091982 0.24399213492870331 0.24289737343788148
 0.2968732595443726 0.28216945528984072 0.28334438800811768
 0.20155710000544788 0.24347410202026368 0.26258114576339719



# name: <cell-element>
# type: matrix
# rows: 4
# columns: 3
 0.25359262824058532 0.2268893748521805 0.20732535272836686
 0.20710484310984612 0.20332953333854675 0.21094121336936952
 0.24275120794773103 0.21525239795446396 0.23537687957286835
 0.24246200025081635 0.29935661554336546 0.24760217666625978





# name: A_v
# type: global cell
# rows: 1
# columns: 2
# name: <cell-element>
# type: cell
# rows: 1
# columns: 4
# name: <cell-element>
# type: matrix
# rows: 3
# columns: 3
 0.033037089201897026 0.030226456950461777 0.04100864791881207
 0.030226456950461777 0.054113267579388516 0.051757424915223713
 0.04100864791881207 0.051757424915223713 0.058629992630638554



# name: <cell-element>
# type: matrix
# rows: 3
# columns: 3
 0.047073497402518462 0.05145336666007503 0.031899979191968575
 0.05145336666007503 0.071765395238103769 0.037230741004036907
 0.031899979191968575 0.037230741004036907 0.033490308823018594



# name: <cell-element>
# type: matrix
# rows: 3
# columns: 3
 0.018572283652249666 0.0055520656980476571 0.029650883300714807
 0.0055520656980476571 0.0034594436212684481 0.0065283093193397685
 0.029650883300714807 0.0065283093193397685 0.05527075792448613



# name: <cell-element>
# type: matrix
# rows: 3
# columns: 3
 0.030834027127230039 0.041744649521288792 0.027326203077293398
 0.041744649521288792 0.068944087412891833 0.049382170365268249
 0.027326203077293398 0.049382170365268249 0.045646410445061868






# name: <cell-element>
# type: cell
# rows: 1
# columns: 4
# name: <cell-element>
# type: matrix
# rows: 3
# columns: 3
 0.0092502465316893559 0.0050374701597762604 0.023873439102862725
 0.0050374701597762604 0.0091843402842704536 0.020725470301269755
 0.023873439102862725 0.020725470301269755 0.092888519642716716



# name: <cell-element>
# type: matrix
# rows: 3
# columns: 3
 0.01715329300182937 0.021555328532827076 0.022282134493601159
 0.021555328532827076 0.060936594595456521 0.032090032175752299
 0.022282134493601159 0.032090032175752299 0.03127306163446978



# name: <cell-element>
# type: matrix
# rows: 3
# columns: 3
 0.053362640527297209 0.053551792047871298 0.041385292019899669
 0.053551792047871298 0.056359677243159358 0.040870984591449097
 0.041385292019899669 0.040870984591449097 0.035923046380431971



# name: <cell-element>
# type: matrix
# rows: 3
# columns: 3
 0.032613649313696452 0.035913803191646561 0.036964959774587351
 0.035913803191646561 0.049465925972531327 0.030902597965233199
 0.036964959774587351 0.030902597965233199 0.052134513092506052








# name: A_s
# type: global cell
# rows: 1
# columns: 2
# name: <cell-element>
# type: cell
# rows: 1
# columns: 4
# name: <cell-element>
# type: matrix
# rows: 3
# columns: 3
 0.11624020338058472 0.13907753229141234 0.013518296182155609
 0.12267957925796509 0.098124325275421143 0.17156516313552855
 0.15921366214752197 0.15198394060134887 0.10090532302856445



# name: <cell-element>
# type: matrix
# rows: 3
# columns: 3
 0.18915529251098634 0.040177220106124879 0.098384773731231695
 0.14772058725357057 0.11289607286453247 0.19286912679672241
 0.1325289249420166 0.1248432993888855 0.018453820049762724



# name: <cell-element>
# type: matrix
# rows: 3
# columns: 3
 0.037830415368080142 0.043990081548690795 0.12331267595291137
 0.052062535285949708 0.0087881587445735928 0.025917258858680726
 0.0081902027130126946 0.14176349639892577 0.18736805915832519



# name: <cell-element>
# type: matrix
# rows: 3
# columns: 3
 0.11659436225891114 0.12644872665405274 0.035362428426742552
 0.12344791889190673 0.17326555252075196 0.15389524698257445
 0.0041280176490545275 0.1802363634109497 0.11464825868606568






# name: <cell-element>
# type: cell
# rows: 1
# columns: 4
# name: <cell-element>
# type: matrix
# rows: 3
# columns: 3
 0.014777512848377227 0.089540243148803711 0.031849905848503113
 0.086371219158172613 0.041501185297966002 0.001415769848972559
 0.15503895282745361 0.1699102520942688 0.19995486736297607



# name: <cell-element>
# type: matrix
# rows: 3
# columns: 3
 0.018076163530349732 0.067758637666702273 0.11061334609985352
 0.1781946063041687 0.15564836263656617 0.070405000448226923
 0.064388626813888544 0.06376315355300903 0.15185989141464235



# name: <cell-element>
# type: matrix
# rows: 3
# columns: 3
 0.18117564916610718 0.022485317289829256 0.1415359854698181
 0.18863179683685302 0.070568770170211792 0.12568918466567994
 0.10213361978530884 0.025414815545082091 0.15762568712234498



# name: <cell-element>
# type: matrix
# rows: 3
# columns: 3
 0.094950562715530401 0.10001273155212402 0.11659971475601197
 0.16772102117538451 0.1350885510444641 0.055557793378829955
 0.031911581754684448 0.10729135274887085 0.19900937080383302








# name: b
# type: global cell
# rows: 1
# columns: 2
# name: <cell-element>
# type: matrix
# rows: 4
# columns: 1
 186.43689632415771
 170.28909206390381
 189.61484670639038
 188.32907915115356



# name: <cell-element>
# type: matrix
# rows: 4
# columns: 1
 173.81095886230469
 150.88565453886986
 167.46848821640015
 175.59020519256592





# name: alpha
# type: global cell
# rows: 1
# columns: 2
# name: <cell-element>
# type: scalar
0.90000000000000002



# name: <cell-element>
# type: scalar
0.90000000000000002





# name: x_min
# type: global cell
# rows: 1
# columns: 2
# name: <cell-element>
# type: matrix
# rows: 4
# columns: 3
 56 56 56
 56 56 56
 56 56 56
 56 56 56



# name: <cell-element>
# type: matrix
# rows: 4
# columns: 3
 57 57 57
 57 57 57
 57 57 57
 57 57 57





# name: x_max
# type: global cell
# rows: 1
# columns: 2
# name: <cell-element>
# type: matrix
# rows: 4
# columns: 3
 200.63088126480579 206.1236172914505 201.3874788582325
 201.66561752557755 200.36888927221298 203.77881944179535
 202.26309955120087 203.69086682796478 203.75022381544113
 209.24468994140625 202.24428445100784 200.13536460697651



# name: <cell-element>
# type: matrix
# rows: 4
# columns: 3
 209.51996743679047 202.78528451919556 203.02859306335449
 207.19062566757202 205.80140471458435 202.93571472167969
 204.39593195915222 202.78497457504272 202.75353938341141
 204.23576295375824 205.60587406158447 203.15384119749069





# name: x_initial
# type: cell
# rows: 1
# columns: 2
# name: <cell-element>
# type: matrix
# rows: 4
# columns: 3
 173.53652715682983 173.53652715682983 173.53652715682983
 173.53652715682983 173.53652715682983 173.53652715682983
 173.53652715682983 173.53652715682983 173.53652715682983
 173.53652715682983 173.53652715682983 173.53652715682983



# name: <cell-element>
# type: matrix
# rows: 4
# columns: 3
 173.66592168807983 173.66592168807983 173.66592168807983
 173.66592168807983 173.66592168807983 173.66592168807983
 173.66592168807983 173.66592168807983 173.66592168807983
 173.66592168807983 173.66592168807983 173.66592168807983





# name: x
# type: global cell
# rows: 1
# columns: 2
# name: <cell-element>
# type: matrix
# rows: 4
# columns: 3
 93.094044751152524 93.140324444162658 93.117228011578689
 93.673186560009384 93.665053680417117 93.674955309314313
 94.246756776312054 92.836555404156286 93.983656575250151
 93.573606275688974 93.931661551180198 93.842896547675153



# name: <cell-element>
# type: matrix
# rows: 4
# columns: 3
 93.811921788454669 93.719343067511417 93.765549168396859
 92.653601054609723 92.669880404373671 92.650072953394698
 91.506437057368089 94.327003610374263 92.032642721109326
 92.852773399509942 92.136654763685968 92.314176591096285





# name: w
# type: matrix
# rows: 32
# columns: 1
 4.5336102160840657
 4.5398119856453887
 4.5459164148746423
 4.5387483594844245
 4.5341072209512419
 4.5397251600235942
 4.5308404782206821
 4.5425675130992014
 4.533859215623159
 4.539830867597324
 4.5431209009327773
 4.5416220707451815
 0.24529795839987956
 0.5122801849870694
 0.075020910094149129
 0.16740094651890186
 4.5412919458938568
 4.5288678192681191
 4.5164093201607551
 4.5310151570296302
 4.5403046040921025
 4.529043505043906
 4.5467675071871847
 4.5232728528326938
 4.5407975088938697
 4.5288297401395283
 4.5221433263040529
 4.525197722250935
 0.17480191984244667
 0.27544266897652336
 0.27643884717380945
 0.27331656400722032


# name: payoffs_history
# type: cell
# rows: 1
# columns: 2
# name: <cell-element>
# type: matrix
# rows: 1
# columns: 28
 -139944.95506776145 33824.500623370521 87738.569640795497 104459.81760524365 104882.94538003765 104898.52549392525 105015.86847938818 105016.79687268706 105045.95811192183 105046.01393102421 105051.27144410808 105051.27331004298 105053.47420717569 105053.4745742339 105053.78242725797 105053.78243472872 105054.07159254827 105054.07159699479 105054.29786907104 105054.29787209733 105054.50381796296 105054.50382039002 105054.6945177216 105054.69451947203 105054.86038210163 105054.86038353217 105054.92445975626 105054.92445988841



# name: <cell-element>
# type: matrix
# rows: 1
# columns: 28
 -129629.34731888238 115315.7244609474 151830.34634787403 110112.98782476589 110176.996783061 109920.74006472269 109924.537815733 109860.70013783457 109860.92757242903 109845.43375295436 109845.44661015495 109842.6660069011 109842.66827551345 109841.50777795885 109841.508036596 109841.33284077428 109841.33304386468 109841.17981357948 109841.17994873332 109841.05627672696 109841.05637732259 109840.94996598508 109840.95003570915 109840.85297923451 109840.8530278941 109840.76204860707 109840.76206517877 109840.74753530993





# name: total_iter
# type: scalar
27


# name: opti
# type: cell
# rows: 1
# columns: 2
# name: <cell-element>
# type: matrix
# rows: 33
# columns: 1
 0
 0.24529795839987956
 0.5122801849870694
 0.075020910094149129
 0.16740094651890186
 37.094044751152524
 37.673186560009384
 38.246756776312054
 37.573606275688974
 37.140324444162658
 37.665053680417117
 36.836555404156286
 37.931661551180198
 37.117228011578689
 37.674955309314313
 37.983656575250151
 37.842896547675153
 107.53683651365327
 107.99243096556816
 108.01634277488881
 115.67108366571728
 112.98329284728784
 106.70383559179587
 110.8543114238085
 108.31262289982764
 108.27025084665381
 110.10386413248104
 109.76656724019098
 106.29246805930136
 4.3517824452670197
 2.3037452381133647
 17.444595313218429
 1.6218793351028324



# name: <cell-element>
# type: matrix
# rows: 33
# columns: 1
 2.2204460492503131e-16
 0.17480191984244667
 0.27544266897652336
 0.27643884717380945
 0.27331656400722032
 36.811921788454669
 35.653601054609723
 34.506437057368089
 35.852773399509942
 36.719343067511417
 35.669880404373671
 37.327003610374263
 35.136654763685968
 36.765549168396859
 35.650072953394698
 35.032642721109326
 35.314176591096285
 115.7080456483358
 114.5370246129623
 112.88949490178413
 111.3829895542483
 109.06594145168414
 113.13152431021068
 108.45797096466846
 113.4692192978985
 109.26304389495763
 110.28564176828499
 110.72089666230208
 110.83966460639441
 -2.4051092992749545e-06
 -7.7394130926222715e-07
 -2.3967268987235002e-06
 -1.2710772523405467e-06





