# Created by Octave 5.2.0, Sun Jun 21 15:44:19 2020 IST <nalin@nalinspc>
# name: N1
# type: global scalar
0


# name: N2
# type: global scalar
0


# name: N3
# type: global scalar
4


# name: M
# type: global scalar
3


# name: beta
# type: global matrix
# rows: 4
# columns: 3
 300 300 300
 300 300 300
 300 300 300
 300 300 300


# name: delta
# type: global matrix
# rows: 4
# columns: 3
 1 1 1
 1 1 1
 1 1 1
 1 1 1


# name: c
# type: global cell
# rows: 1
# columns: 2
# name: <cell-element>
# type: matrix
# rows: 4
# columns: 3
 20 20 20
 20 20 20
 20 20 20
 20 20 20



# name: <cell-element>
# type: matrix
# rows: 4
# columns: 3
 15 15 15
 15 15 15
 15 15 15
 15 15 15





# name: A_u
# type: global matrix
# rows: 0
# columns: 0


# name: A_v
# type: global matrix
# rows: 0
# columns: 0


# name: A_s
# type: global matrix
# rows: 0
# columns: 0


# name: b
# type: global matrix
# rows: 0
# columns: 0


# name: alpha
# type: global cell
# rows: 1
# columns: 2
# name: <cell-element>
# type: scalar
0.90000000000000002



# name: <cell-element>
# type: scalar
0.90000000000000002





# name: x_min
# type: global cell
# rows: 1
# columns: 2
# name: <cell-element>
# type: matrix
# rows: 4
# columns: 3
 56 56 56
 56 56 56
 56 56 56
 56 56 56



# name: <cell-element>
# type: matrix
# rows: 4
# columns: 3
 57 57 57
 57 57 57
 57 57 57
 57 57 57





# name: x_max
# type: global cell
# rows: 1
# columns: 2
# name: <cell-element>
# type: matrix
# rows: 4
# columns: 3
 200.63088126480579 206.1236172914505 201.3874788582325
 201.66561752557755 200.36888927221298 203.77881944179535
 202.26309955120087 203.69086682796478 203.75022381544113
 209.24468994140625 202.24428445100784 200.13536460697651



# name: <cell-element>
# type: matrix
# rows: 4
# columns: 3
 209.51996743679047 202.78528451919556 203.02859306335449
 207.19062566757202 205.80140471458435 202.93571472167969
 204.39593195915222 202.78497457504272 202.75353938341141
 204.23576295375824 205.60587406158447 203.15384119749069





# name: x_initial
# type: cell
# rows: 1
# columns: 2
# name: <cell-element>
# type: matrix
# rows: 4
# columns: 3
 233.53652715682983 233.53652715682983 233.53652715682983
 233.53652715682983 233.53652715682983 233.53652715682983
 233.53652715682983 233.53652715682983 233.53652715682983
 233.53652715682983 233.53652715682983 233.53652715682983



# name: <cell-element>
# type: matrix
# rows: 4
# columns: 3
 233.66592168807983 233.66592168807983 233.66592168807983
 233.66592168807983 233.66592168807983 233.66592168807983
 233.66592168807983 233.66592168807983 233.66592168807983
 233.66592168807983 233.66592168807983 233.66592168807983





# name: x
# type: global cell
# rows: 1
# columns: 2
# name: <cell-element>
# type: matrix
# rows: 4
# columns: 3
 91.666799857763905 91.666784028480265 91.666770214808324
 91.666815274922783 91.666811326676736 91.666782648982007
 91.666797478195463 91.666787027644887 91.666792981811696
 91.666778064735468 91.666797148797372 91.666794617641216



# name: <cell-element>
# type: matrix
# rows: 4
# columns: 3
 96.666617376856919 96.666625035918969 96.666626315654355
 96.666610660291397 96.666612125883731 96.66661667217079
 96.666615564972801 96.666623252952789 96.666622269457434
 96.666622999041252 96.666616791483023 96.666616823201167





# name: w
# type: matrix
# rows: 32
# columns: 1
 4.518160261991194
 4.5181604301781233
 4.518160236032303
 4.5181600242493829
 4.5181600893083358
 4.5181603871064171
 4.5181601220264529
 4.5181602324388743
 4.5181599386139144
 4.5181600742592831
 4.5181601869809125
 4.5181602048263008
 0.25000000000112937
 0.24999999999995373
 0.2500000000007358
 0.24999999999818107
 4.5712681244176965
 4.5712680549359463
 4.5712681056740578
 4.571268182578252
 4.5712682036494101
 4.571268070097255
 4.5712681852049242
 4.5712681183621013
 4.5712682168880576
 4.5712681171278362
 4.5712681750308297
 4.5712681186902202
 0.25000000000005379
 0.24999999999990069
 0.25000000000000455
 0.25000000000004102


# name: payoffs_history
# type: cell
# rows: 1
# columns: 2
# name: <cell-element>
# type: matrix
# rows: 1
# columns: 21
 -524623.31734193116 -6495.4996793896671 73583.99945464608 82170.748826949741 95452.123456336325 95988.795314987306 99577.47296319771 99611.01494267954 100524.87909143111 100526.97508082236 100756.43386619686 100756.56471805811 100814.1250056143 100814.13322528181 100828.99470456707 100828.99524619806 100832.00402424127 100832.00405451262 100833.46829940945 100833.46830145293 100833.38596015809



# name: <cell-element>
# type: matrix
# rows: 1
# columns: 21
 -510894.03771805228 -13083.2037865484 157322.99946817913 120568.5004794179 122715.18825832393 114599.90775363721 114734.07578545829 112772.33593515199 112780.72151542673 112294.48430667014 112295.00876339068 112173.79036469411 112173.82325341678 112143.41545618734 112143.4175167309 112135.89072608948 112135.89082330585 112133.74339043742 112133.74340225008 112133.18730186013 112133.18730190069





# name: total_iter
# type: scalar
20


# name: opti
# type: cell
# rows: 1
# columns: 2
# name: <cell-element>
# type: matrix
# rows: 29
# columns: 1
 0
 0.25000000000112937
 0.24999999999995373
 0.2500000000007358
 0.24999999999818107
 35.666799857763905
 35.666815274922783
 35.666797478195463
 35.666778064735468
 35.666784028480265
 35.666811326676736
 35.666787027644887
 35.666797148797372
 35.666770214808324
 35.666782648982007
 35.666792981811696
 35.666794617641216
 108.96408140704189
 109.99880225065476
 110.5963020730054
 117.57791187667078
 114.45683326297024
 108.70207794553625
 112.0240798003199
 110.57748730221047
 109.72070864342417
 112.11203679281334
 112.08343083362944
 108.46856998933529



# name: <cell-element>
# type: matrix
# rows: 29
# columns: 1
 0
 0.25000000000005379
 0.24999999999990069
 0.25000000000000455
 0.25000000000004102
 39.666617376856919
 39.666610660291397
 39.666615564972801
 39.666622999041252
 39.666625035918969
 39.666612125883731
 39.666623252952789
 39.666616791483023
 39.666626315654355
 39.66661667217079
 39.666622269457434
 39.666616823201167
 112.85335005993355
 110.52401500728062
 107.72931639417942
 107.56913995471699
 106.11865948327659
 109.13479258870062
 106.11835132208994
 108.93925727010145
 106.36196674770014
 106.2690980495089
 106.08691711395397
 106.48722437428953





