# Created by Octave 5.2.0, Sun Jun 21 15:42:41 2020 IST <nalin@nalinspc>
# name: N1
# type: global scalar
0


# name: N2
# type: global scalar
0


# name: N3
# type: global scalar
4


# name: M
# type: global scalar
3


# name: beta
# type: global matrix
# rows: 4
# columns: 3
 300 300 300
 300 300 300
 300 300 300
 300 300 300


# name: delta
# type: global matrix
# rows: 4
# columns: 3
 1 1 1
 1 1 1
 1 1 1
 1 1 1


# name: c
# type: global cell
# rows: 1
# columns: 2
# name: <cell-element>
# type: matrix
# rows: 4
# columns: 3
 20 20 20
 20 20 20
 20 20 20
 20 20 20



# name: <cell-element>
# type: matrix
# rows: 4
# columns: 3
 15 15 15
 15 15 15
 15 15 15
 15 15 15





# name: A_u
# type: global matrix
# rows: 0
# columns: 0


# name: A_v
# type: global matrix
# rows: 0
# columns: 0


# name: A_s
# type: global matrix
# rows: 0
# columns: 0


# name: b
# type: global matrix
# rows: 0
# columns: 0


# name: alpha
# type: global cell
# rows: 1
# columns: 2
# name: <cell-element>
# type: scalar
0.90000000000000002



# name: <cell-element>
# type: scalar
0.90000000000000002





# name: x_min
# type: global cell
# rows: 1
# columns: 2
# name: <cell-element>
# type: matrix
# rows: 4
# columns: 3
 56 56 56
 56 56 56
 56 56 56
 56 56 56



# name: <cell-element>
# type: matrix
# rows: 4
# columns: 3
 57 57 57
 57 57 57
 57 57 57
 57 57 57





# name: x_max
# type: global cell
# rows: 1
# columns: 2
# name: <cell-element>
# type: matrix
# rows: 4
# columns: 3
 200.63088126480579 206.1236172914505 201.3874788582325
 201.66561752557755 200.36888927221298 203.77881944179535
 202.26309955120087 203.69086682796478 203.75022381544113
 209.24468994140625 202.24428445100784 200.13536460697651



# name: <cell-element>
# type: matrix
# rows: 4
# columns: 3
 209.51996743679047 202.78528451919556 203.02859306335449
 207.19062566757202 205.80140471458435 202.93571472167969
 204.39593195915222 202.78497457504272 202.75353938341141
 204.23576295375824 205.60587406158447 203.15384119749069





# name: x_initial
# type: cell
# rows: 1
# columns: 2
# name: <cell-element>
# type: matrix
# rows: 4
# columns: 3
 123.53652715682983 123.53652715682983 123.53652715682983
 123.53652715682983 123.53652715682983 123.53652715682983
 123.53652715682983 123.53652715682983 123.53652715682983
 123.53652715682983 123.53652715682983 123.53652715682983



# name: <cell-element>
# type: matrix
# rows: 4
# columns: 3
 123.66592168807983 123.66592168807983 123.66592168807983
 123.66592168807983 123.66592168807983 123.66592168807983
 123.66592168807983 123.66592168807983 123.66592168807983
 123.66592168807983 123.66592168807983 123.66592168807983





# name: x
# type: global cell
# rows: 1
# columns: 2
# name: <cell-element>
# type: matrix
# rows: 4
# columns: 3
 91.666679050309654 91.666685791956198 91.666681707316684
 91.666680602305732 91.666681532361949 91.666673197825531
 91.666684305255401 91.666677344587384 91.666680252070833
 91.666675146243307 91.666674961044208 91.666673061026913



# name: <cell-element>
# type: matrix
# rows: 4
# columns: 3
 96.666679061691468 96.666670703100863 96.666677175221551
 96.66666695211579 96.666677570344547 96.666676338051488
 96.666666345834756 96.666673390265942 96.666672433018277
 96.666672958597061 96.666679777168511 96.666682922370484





# name: w
# type: matrix
# rows: 32
# columns: 1
 4.5181589440927397
 4.5181589610236035
 4.5181590014194111
 4.5181589015029298
 4.518159017637962
 4.5181589711696697
 4.5181589254848626
 4.5181588994825761
 4.5181589730782665
 4.5181588802474648
 4.5181589572028598
 4.5181588787551163
 0.24999999999995259
 0.25000000000002531
 0.25000000000000511
 0.25000000000001704
 4.5712687625367963
 4.5712686372653319
 4.5712686309934591
 4.5712686994013429
 4.571268676068625
 4.5712687471090714
 4.5712687038668829
 4.5712687699382819
 4.5712687430215926
 4.5712687343612135
 4.5712686939643215
 4.5712688024748491
 0.24999999999995562
 0.24999999999999398
 0.25000000000003841
 0.25000000000001205


# name: payoffs_history
# type: cell
# rows: 1
# columns: 2
# name: <cell-element>
# type: matrix
# rows: 1
# columns: 21
 48620.346827379908 73321.032124912395 92315.097251377301 93545.217142778769 98908.795819494873 98985.678333085641 100364.89972090388 100369.7040985957 100717.31300479693 100717.6139785643 100804.40190754486 100804.42060690699 100826.07038816239 100826.07159255104 100831.16094098723 100831.16100885163 100833.53459136323 100833.53459708215 100833.41884188785 100833.41884219824 100833.32456745041



# name: <cell-element>
# type: matrix
# rows: 1
# columns: 21
 56091.22801375905 123419.14501708544 128339.62308289119 115774.86531826854 116082.3953367146 113094.9719624007 113114.19253688578 112377.00764706041 112378.20951761451 112194.30449525031 112194.37923535671 112148.77990992558 112148.78453274566 112137.26640720692 112137.26669526115 112134.0345072097 112134.03453810423 112133.09955104816 112133.09955112493 112133.31912788274 112133.31912794188





# name: total_iter
# type: scalar
20


# name: opti
# type: cell
# rows: 1
# columns: 2
# name: <cell-element>
# type: matrix
# rows: 29
# columns: 1
 0
 0.24999999999995259
 0.25000000000002531
 0.25000000000000511
 0.25000000000001704
 35.666679050309654
 35.666680602305732
 35.666684305255401
 35.666675146243307
 35.666685791956198
 35.666681532361949
 35.666677344587384
 35.666674961044208
 35.666681707316684
 35.666673197825531
 35.666680252070833
 35.666673061026913
 108.96420221449614
 109.99893692327181
 110.59641524594547
 117.57801479516294
 114.4569314994943
 108.70220773985103
 112.0241894833774
 110.57760948996363
 109.72079715091581
 112.11214624396982
 112.0835435633703
 108.4686915459496



# name: <cell-element>
# type: matrix
# rows: 29
# columns: 1
 0
 0.24999999999995562
 0.24999999999999398
 0.25000000000003841
 0.25000000000001205
 39.666679061691468
 39.66666695211579
 39.666666345834756
 39.666672958597061
 39.666670703100863
 39.666677570344547
 39.666673390265942
 39.666679777168511
 39.666677175221551
 39.666676338051488
 39.666672433018277
 39.666682922370484
 112.853288375099
 110.52395871545623
 107.72926561331747
 107.56908999516118
 106.11861381609469
 109.1347271442398
 106.11830118477678
 108.93919428441596
 106.36191588813294
 106.2690383836282
 106.08686695039313
 106.48715827512021





