# Created by Octave 5.2.0, Sun Jun 21 15:50:18 2020 IST <nalin@nalinspc>
# name: N1
# type: global scalar
0


# name: N2
# type: global scalar
0


# name: N3
# type: global scalar
4


# name: M
# type: global scalar
3


# name: beta
# type: global matrix
# rows: 4
# columns: 3
 300 300 300
 300 300 300
 300 300 300
 300 300 300


# name: delta
# type: global matrix
# rows: 4
# columns: 3
 1 1 1
 1 1 1
 1 1 1
 1 1 1


# name: c
# type: global cell
# rows: 1
# columns: 2
# name: <cell-element>
# type: matrix
# rows: 4
# columns: 3
 20 20 20
 20 20 20
 20 20 20
 20 20 20



# name: <cell-element>
# type: matrix
# rows: 4
# columns: 3
 15 15 15
 15 15 15
 15 15 15
 15 15 15





# name: A_u
# type: global cell
# rows: 1
# columns: 2
# name: <cell-element>
# type: matrix
# rows: 4
# columns: 3
 0.21849790215492249 0.25119432806968689 0.25776587128639222
 0.29547535777091982 0.24399213492870331 0.24289737343788148
 0.2968732595443726 0.28216945528984072 0.28334438800811768
 0.20155710000544788 0.24347410202026368 0.26258114576339719



# name: <cell-element>
# type: matrix
# rows: 4
# columns: 3
 0.25359262824058532 0.2268893748521805 0.20732535272836686
 0.20710484310984612 0.20332953333854675 0.21094121336936952
 0.24275120794773103 0.21525239795446396 0.23537687957286835
 0.24246200025081635 0.29935661554336546 0.24760217666625978





# name: A_v
# type: global cell
# rows: 1
# columns: 2
# name: <cell-element>
# type: cell
# rows: 1
# columns: 4
# name: <cell-element>
# type: matrix
# rows: 3
# columns: 3
 0.033037089201897026 0.030226456950461777 0.04100864791881207
 0.030226456950461777 0.054113267579388516 0.051757424915223713
 0.04100864791881207 0.051757424915223713 0.058629992630638554



# name: <cell-element>
# type: matrix
# rows: 3
# columns: 3
 0.047073497402518462 0.05145336666007503 0.031899979191968575
 0.05145336666007503 0.071765395238103769 0.037230741004036907
 0.031899979191968575 0.037230741004036907 0.033490308823018594



# name: <cell-element>
# type: matrix
# rows: 3
# columns: 3
 0.018572283652249666 0.0055520656980476571 0.029650883300714807
 0.0055520656980476571 0.0034594436212684481 0.0065283093193397685
 0.029650883300714807 0.0065283093193397685 0.05527075792448613



# name: <cell-element>
# type: matrix
# rows: 3
# columns: 3
 0.030834027127230039 0.041744649521288792 0.027326203077293398
 0.041744649521288792 0.068944087412891833 0.049382170365268249
 0.027326203077293398 0.049382170365268249 0.045646410445061868






# name: <cell-element>
# type: cell
# rows: 1
# columns: 4
# name: <cell-element>
# type: matrix
# rows: 3
# columns: 3
 0.0092502465316893559 0.0050374701597762604 0.023873439102862725
 0.0050374701597762604 0.0091843402842704536 0.020725470301269755
 0.023873439102862725 0.020725470301269755 0.092888519642716716



# name: <cell-element>
# type: matrix
# rows: 3
# columns: 3
 0.01715329300182937 0.021555328532827076 0.022282134493601159
 0.021555328532827076 0.060936594595456521 0.032090032175752299
 0.022282134493601159 0.032090032175752299 0.03127306163446978



# name: <cell-element>
# type: matrix
# rows: 3
# columns: 3
 0.053362640527297209 0.053551792047871298 0.041385292019899669
 0.053551792047871298 0.056359677243159358 0.040870984591449097
 0.041385292019899669 0.040870984591449097 0.035923046380431971



# name: <cell-element>
# type: matrix
# rows: 3
# columns: 3
 0.032613649313696452 0.035913803191646561 0.036964959774587351
 0.035913803191646561 0.049465925972531327 0.030902597965233199
 0.036964959774587351 0.030902597965233199 0.052134513092506052








# name: A_s
# type: global cell
# rows: 1
# columns: 2
# name: <cell-element>
# type: cell
# rows: 1
# columns: 4
# name: <cell-element>
# type: matrix
# rows: 3
# columns: 3
 0.11624020338058472 0.13907753229141234 0.013518296182155609
 0.12267957925796509 0.098124325275421143 0.17156516313552855
 0.15921366214752197 0.15198394060134887 0.10090532302856445



# name: <cell-element>
# type: matrix
# rows: 3
# columns: 3
 0.18915529251098634 0.040177220106124879 0.098384773731231695
 0.14772058725357057 0.11289607286453247 0.19286912679672241
 0.1325289249420166 0.1248432993888855 0.018453820049762724



# name: <cell-element>
# type: matrix
# rows: 3
# columns: 3
 0.037830415368080142 0.043990081548690795 0.12331267595291137
 0.052062535285949708 0.0087881587445735928 0.025917258858680726
 0.0081902027130126946 0.14176349639892577 0.18736805915832519



# name: <cell-element>
# type: matrix
# rows: 3
# columns: 3
 0.11659436225891114 0.12644872665405274 0.035362428426742552
 0.12344791889190673 0.17326555252075196 0.15389524698257445
 0.0041280176490545275 0.1802363634109497 0.11464825868606568






# name: <cell-element>
# type: cell
# rows: 1
# columns: 4
# name: <cell-element>
# type: matrix
# rows: 3
# columns: 3
 0.014777512848377227 0.089540243148803711 0.031849905848503113
 0.086371219158172613 0.041501185297966002 0.001415769848972559
 0.15503895282745361 0.1699102520942688 0.19995486736297607



# name: <cell-element>
# type: matrix
# rows: 3
# columns: 3
 0.018076163530349732 0.067758637666702273 0.11061334609985352
 0.1781946063041687 0.15564836263656617 0.070405000448226923
 0.064388626813888544 0.06376315355300903 0.15185989141464235



# name: <cell-element>
# type: matrix
# rows: 3
# columns: 3
 0.18117564916610718 0.022485317289829256 0.1415359854698181
 0.18863179683685302 0.070568770170211792 0.12568918466567994
 0.10213361978530884 0.025414815545082091 0.15762568712234498



# name: <cell-element>
# type: matrix
# rows: 3
# columns: 3
 0.094950562715530401 0.10001273155212402 0.11659971475601197
 0.16772102117538451 0.1350885510444641 0.055557793378829955
 0.031911581754684448 0.10729135274887085 0.19900937080383302








# name: b
# type: global cell
# rows: 1
# columns: 2
# name: <cell-element>
# type: matrix
# rows: 4
# columns: 1
 186.43689632415771
 170.28909206390381
 189.61484670639038
 188.32907915115356



# name: <cell-element>
# type: matrix
# rows: 4
# columns: 1
 173.81095886230469
 150.88565453886986
 167.46848821640015
 175.59020519256592





# name: alpha
# type: global cell
# rows: 1
# columns: 2
# name: <cell-element>
# type: scalar
0.90000000000000002



# name: <cell-element>
# type: scalar
0.90000000000000002





# name: x_min
# type: global cell
# rows: 1
# columns: 2
# name: <cell-element>
# type: matrix
# rows: 4
# columns: 3
 56 56 56
 56 56 56
 56 56 56
 56 56 56



# name: <cell-element>
# type: matrix
# rows: 4
# columns: 3
 57 57 57
 57 57 57
 57 57 57
 57 57 57





# name: x_max
# type: global cell
# rows: 1
# columns: 2
# name: <cell-element>
# type: matrix
# rows: 4
# columns: 3
 200.63088126480579 206.1236172914505 201.3874788582325
 201.66561752557755 200.36888927221298 203.77881944179535
 202.26309955120087 203.69086682796478 203.75022381544113
 209.24468994140625 202.24428445100784 200.13536460697651



# name: <cell-element>
# type: matrix
# rows: 4
# columns: 3
 209.51996743679047 202.78528451919556 203.02859306335449
 207.19062566757202 205.80140471458435 202.93571472167969
 204.39593195915222 202.78497457504272 202.75353938341141
 204.23576295375824 205.60587406158447 203.15384119749069





# name: x_initial
# type: cell
# rows: 1
# columns: 2
# name: <cell-element>
# type: matrix
# rows: 4
# columns: 3
 143.53652715682983 143.53652715682983 143.53652715682983
 143.53652715682983 143.53652715682983 143.53652715682983
 143.53652715682983 143.53652715682983 143.53652715682983
 143.53652715682983 143.53652715682983 143.53652715682983



# name: <cell-element>
# type: matrix
# rows: 4
# columns: 3
 143.66592168807983 143.66592168807983 143.66592168807983
 143.66592168807983 143.66592168807983 143.66592168807983
 143.66592168807983 143.66592168807983 143.66592168807983
 143.66592168807983 143.66592168807983 143.66592168807983





# name: x
# type: global cell
# rows: 1
# columns: 2
# name: <cell-element>
# type: matrix
# rows: 4
# columns: 3
 93.094682875053536 93.139493879009692 93.117671897482637
 93.672945818351948 93.66511230111422 93.675116913300371
 94.246426868681169 92.837639274955364 93.983424886882503
 93.573778452336541 93.932128984475256 93.842278964204453



# name: <cell-element>
# type: matrix
# rows: 4
# columns: 3
 93.810654511118628 93.721046423583346 93.764674411206556
 92.654113723936604 92.669775985409998 92.649750948771555
 91.507135414084004 94.32480546533624 92.033127654198267
 92.852446552838927 92.135739766824855 92.315436540589388





# name: w
# type: matrix
# rows: 32
# columns: 1
 4.533617070676276
 4.5398094156253475
 4.5459129144018453
 4.5387501994956843
 4.5340983035584674
 4.5397257858779172
 4.5308521531957746
 4.5425724893992507
 4.5338639825696783
 4.5398325927526351
 4.5431184357312553
 4.5416154896876311
 0.24001281230738142
 0.53385617819896958
 0.05041451879322624
 0.17571649070042275
 4.5412784371001811
 4.5288733524357747
 4.5164169519085702
 4.53101163697057
 4.5403227790017535
 4.5290423782589997
 4.5467442034611416
 4.5232629219164169
 4.5407881796543093
 4.5288262646411024
 4.5221485954324514
 4.5252113706518795
 0.17479991450404087
 0.27544328683855085
 0.27644006769606094
 0.27331673096134729


# name: payoffs_history
# type: cell
# rows: 1
# columns: 2
# name: <cell-element>
# type: matrix
# rows: 1
# columns: 34
 -12405.773930676649 55760.942727482252 96987.382951545311 104631.2947524724 104939.22181217023 104946.48198645543 105028.38355401577 105028.81142537095 105048.93866521324 105048.96413651518 105052.51626357282 105052.51707188228 105053.4241746726 105053.4242280811 105053.67639125409 105053.67639369117 105053.91206401635 105053.91206697383 105054.12264557756 105054.12264758494 105054.32025651602 105054.32025827371 105054.51113107026 105054.5111327339 105054.65875968503 105054.65876072297 105054.78825592011 105054.78825668388 105054.90265867801 105054.90265929591 105055.00593674881 105055.00593723579 105055.04813235655 105055.04813241313



# name: <cell-element>
# type: matrix
# rows: 1
# columns: 34
 -3797.0021192975323 126139.32356485963 138200.38481246648 110044.66844095272 110074.69019784394 109896.78086831816 109898.5408176739 109854.44780367718 109854.55208200931 109843.88290324713 109843.88870254872 109842.01260815976 109842.01344144205 109841.53322820544 109841.53341431255 109841.39657876969 109841.39673029161 109841.26248435373 109841.26260227646 109841.15067190339 109841.15076434558 109841.04648452418 109841.04655930164 109840.94539018039 109840.94543946363 109840.87190825227 109840.87194495418 109840.80794855519 109840.80797595301 109840.74543984621 109840.74545972174 109840.69442159498 109840.69442886059 109840.67303225936





# name: total_iter
# type: scalar
33


# name: opti
# type: cell
# rows: 1
# columns: 2
# name: <cell-element>
# type: matrix
# rows: 33
# columns: 1
 1.1102230246251565e-16
 0.24001281230738142
 0.53385617819896958
 0.05041451879322624
 0.17571649070042275
 37.094682875053536
 37.672945818351948
 38.246426868681169
 37.573778452336541
 37.139493879009692
 37.66511230111422
 36.837639274955364
 37.932128984475256
 37.117671897482637
 37.675116913300371
 37.983424886882503
 37.842278964204453
 107.53619838975226
 107.9926717072256
 108.0166726825197
 115.67091148906971
 112.98412341244081
 106.70377697109876
 110.85322755300942
 108.31215546653259
 108.26980696074986
 110.10370252849498
 109.76679892855863
 106.29308564277206
 3.811776665589619
 3.456938712353363
 12.108286599703547
 2.7357376895009367



# name: <cell-element>
# type: matrix
# rows: 33
# columns: 1
 0
 0.17479991450404087
 0.27544328683855085
 0.27644006769606094
 0.27331673096134729
 36.810654511118628
 35.654113723936604
 34.507135414084004
 35.852446552838927
 36.721046423583346
 35.669775985409998
 37.32480546533624
 35.135739766824855
 36.764674411206556
 35.649750948771555
 35.033127654198267
 35.315436540589388
 115.70931292567184
 114.53651194363542
 112.88879654506822
 111.38331640091931
 109.06423809561221
 113.13162872917435
 108.46016910970648
 113.47013429475962
 109.26391865214794
 110.28596377290813
 110.72041172921314
 110.8384046569013
 -1.5062320528613782e-06
 -2.1698987495710753e-07
 -1.9481362159012861e-06
 -5.426953180176497e-07





