# Created by Octave 5.2.0, Sun Jun 21 15:42:34 2020 IST <nalin@nalinspc>
# name: N1
# type: global scalar
0


# name: N2
# type: global scalar
0


# name: N3
# type: global scalar
4


# name: M
# type: global scalar
3


# name: beta
# type: global matrix
# rows: 4
# columns: 3
 300 300 300
 300 300 300
 300 300 300
 300 300 300


# name: delta
# type: global matrix
# rows: 4
# columns: 3
 1 1 1
 1 1 1
 1 1 1
 1 1 1


# name: c
# type: global cell
# rows: 1
# columns: 2
# name: <cell-element>
# type: matrix
# rows: 4
# columns: 3
 20 20 20
 20 20 20
 20 20 20
 20 20 20



# name: <cell-element>
# type: matrix
# rows: 4
# columns: 3
 15 15 15
 15 15 15
 15 15 15
 15 15 15





# name: A_u
# type: global matrix
# rows: 0
# columns: 0


# name: A_v
# type: global matrix
# rows: 0
# columns: 0


# name: A_s
# type: global matrix
# rows: 0
# columns: 0


# name: b
# type: global matrix
# rows: 0
# columns: 0


# name: alpha
# type: global cell
# rows: 1
# columns: 2
# name: <cell-element>
# type: scalar
0.90000000000000002



# name: <cell-element>
# type: scalar
0.90000000000000002





# name: x_min
# type: global cell
# rows: 1
# columns: 2
# name: <cell-element>
# type: matrix
# rows: 4
# columns: 3
 56 56 56
 56 56 56
 56 56 56
 56 56 56



# name: <cell-element>
# type: matrix
# rows: 4
# columns: 3
 57 57 57
 57 57 57
 57 57 57
 57 57 57





# name: x_max
# type: global cell
# rows: 1
# columns: 2
# name: <cell-element>
# type: matrix
# rows: 4
# columns: 3
 200.63088126480579 206.1236172914505 201.3874788582325
 201.66561752557755 200.36888927221298 203.77881944179535
 202.26309955120087 203.69086682796478 203.75022381544113
 209.24468994140625 202.24428445100784 200.13536460697651



# name: <cell-element>
# type: matrix
# rows: 4
# columns: 3
 209.51996743679047 202.78528451919556 203.02859306335449
 207.19062566757202 205.80140471458435 202.93571472167969
 204.39593195915222 202.78497457504272 202.75353938341141
 204.23576295375824 205.60587406158447 203.15384119749069





# name: x_initial
# type: cell
# rows: 1
# columns: 2
# name: <cell-element>
# type: matrix
# rows: 4
# columns: 3
 113.53652715682983 113.53652715682983 113.53652715682983
 113.53652715682983 113.53652715682983 113.53652715682983
 113.53652715682983 113.53652715682983 113.53652715682983
 113.53652715682983 113.53652715682983 113.53652715682983



# name: <cell-element>
# type: matrix
# rows: 4
# columns: 3
 113.66592168807983 113.66592168807983 113.66592168807983
 113.66592168807983 113.66592168807983 113.66592168807983
 113.66592168807983 113.66592168807983 113.66592168807983
 113.66592168807983 113.66592168807983 113.66592168807983





# name: x
# type: global cell
# rows: 1
# columns: 2
# name: <cell-element>
# type: matrix
# rows: 4
# columns: 3
 91.666773332391259 91.666785668220797 91.666791816847322
 91.666768673668841 91.666805839547848 91.666811591815048
 91.666793987514069 91.666776245255392 91.666799685178887
 91.666817415063775 91.666771899845301 91.666783421520321



# name: <cell-element>
# type: matrix
# rows: 4
# columns: 3
 96.666635359596455 96.666630247920295 96.666620554440229
 96.666635175148969 96.666623108272404 96.666611764247463
 96.66662071545143 96.666633558600068 96.666615951276626
 96.666618170037708 96.666632172484057 96.666624605635945





# name: w
# type: matrix
# rows: 32
# columns: 1
 4.518159972623871
 4.5181599218015025
 4.5181601979521959
 4.5181604535250779
 4.5181601071963913
 4.518160327246922
 4.5181600044005332
 4.5181599569961151
 4.5181601742722277
 4.5181603899988305
 4.5181602601084512
 4.518160082686963
 0.24999999999996414
 0.24999999999993347
 0.25000000000009232
 0.2500000000000101
 4.571268310446114
 4.5712683085380359
 4.571268158954898
 4.5712681326230191
 4.571268257566687
 4.5712681837082298
 4.5712682918151106
 4.5712682774759745
 4.5712681572892642
 4.571268066356188
 4.5712681096703065
 4.5712681991982045
 0.24999999999999795
 0.25000000000001577
 0.24999999999997397
 0.25000000000001227


# name: payoffs_history
# type: cell
# rows: 1
# columns: 2
# name: <cell-element>
# type: matrix
# rows: 1
# columns: 19
 71933.407206408272 83001.076823627911 95725.074511019004 96212.719075134271 99637.543854874937 99668.021614412457 100539.51956486961 100541.42469184792 100760.38119215434 100760.50058905143 100815.17459197796 100815.18200518443 100829.10359002053 100829.1039987441 100832.11285645382 100832.11288970427 100833.48285985651 100833.48286138466 100833.37903975886



# name: <cell-element>
# type: matrix
# rows: 1
# columns: 19
 78835.343080287421 120259.05268346917 122209.63177459182 114489.85812304655 114611.76949525515 112742.78694072746 112750.40635064915 112287.02806823456 112287.50391878717 112171.71580261555 112171.74540532919 112142.34415756291 112142.34606800776 112135.92178274808 112135.92187246308 112133.66823327517 112133.66824370086 112133.19030754874 112133.19030761067





# name: total_iter
# type: scalar
18


# name: opti
# type: cell
# rows: 1
# columns: 2
# name: <cell-element>
# type: matrix
# rows: 29
# columns: 1
 0
 0.24999999999996414
 0.24999999999993347
 0.25000000000009232
 0.2500000000000101
 35.666773332391259
 35.666768673668841
 35.666793987514069
 35.666817415063775
 35.666785668220797
 35.666805839547848
 35.666776245255392
 35.666771899845301
 35.666791816847322
 35.666811591815048
 35.666799685178887
 35.666783421520321
 108.96410793241454
 109.9988488519087
 110.5963055636868
 117.57787252634247
 114.4568316232297
 108.70208343266513
 112.02409058270939
 110.57751255116254
 109.72068704138518
 112.1120078499803
 112.08342413026224
 108.46858118545619



# name: <cell-element>
# type: matrix
# rows: 29
# columns: 1
 0
 0.24999999999999795
 0.25000000000001577
 0.24999999999997397
 0.25000000000001227
 39.666635359596455
 39.666635175148969
 39.66662071545143
 39.666618170037708
 39.666630247920295
 39.666623108272404
 39.666633558600068
 39.666632172484057
 39.666620554440229
 39.666611764247463
 39.666615951276626
 39.666624605635945
 112.85333207719401
 110.52399049242305
 107.72931124370079
 107.56914478372053
 106.11865427127526
 109.13478160631195
 106.11834101644266
 108.93924188910042
 106.36197250891426
 106.26910295743222
 106.08692343213478
 106.48721659185475





