# Created by Octave 5.2.0, Sun Jun 21 15:49:59 2020 IST <nalin@nalinspc>
# name: N1
# type: global scalar
0


# name: N2
# type: global scalar
0


# name: N3
# type: global scalar
4


# name: M
# type: global scalar
3


# name: beta
# type: global matrix
# rows: 4
# columns: 3
 300 300 300
 300 300 300
 300 300 300
 300 300 300


# name: delta
# type: global matrix
# rows: 4
# columns: 3
 1 1 1
 1 1 1
 1 1 1
 1 1 1


# name: c
# type: global cell
# rows: 1
# columns: 2
# name: <cell-element>
# type: matrix
# rows: 4
# columns: 3
 20 20 20
 20 20 20
 20 20 20
 20 20 20



# name: <cell-element>
# type: matrix
# rows: 4
# columns: 3
 15 15 15
 15 15 15
 15 15 15
 15 15 15





# name: A_u
# type: global cell
# rows: 1
# columns: 2
# name: <cell-element>
# type: matrix
# rows: 4
# columns: 3
 0.21849790215492249 0.25119432806968689 0.25776587128639222
 0.29547535777091982 0.24399213492870331 0.24289737343788148
 0.2968732595443726 0.28216945528984072 0.28334438800811768
 0.20155710000544788 0.24347410202026368 0.26258114576339719



# name: <cell-element>
# type: matrix
# rows: 4
# columns: 3
 0.25359262824058532 0.2268893748521805 0.20732535272836686
 0.20710484310984612 0.20332953333854675 0.21094121336936952
 0.24275120794773103 0.21525239795446396 0.23537687957286835
 0.24246200025081635 0.29935661554336546 0.24760217666625978





# name: A_v
# type: global cell
# rows: 1
# columns: 2
# name: <cell-element>
# type: cell
# rows: 1
# columns: 4
# name: <cell-element>
# type: matrix
# rows: 3
# columns: 3
 0.033037089201897026 0.030226456950461777 0.04100864791881207
 0.030226456950461777 0.054113267579388516 0.051757424915223713
 0.04100864791881207 0.051757424915223713 0.058629992630638554



# name: <cell-element>
# type: matrix
# rows: 3
# columns: 3
 0.047073497402518462 0.05145336666007503 0.031899979191968575
 0.05145336666007503 0.071765395238103769 0.037230741004036907
 0.031899979191968575 0.037230741004036907 0.033490308823018594



# name: <cell-element>
# type: matrix
# rows: 3
# columns: 3
 0.018572283652249666 0.0055520656980476571 0.029650883300714807
 0.0055520656980476571 0.0034594436212684481 0.0065283093193397685
 0.029650883300714807 0.0065283093193397685 0.05527075792448613



# name: <cell-element>
# type: matrix
# rows: 3
# columns: 3
 0.030834027127230039 0.041744649521288792 0.027326203077293398
 0.041744649521288792 0.068944087412891833 0.049382170365268249
 0.027326203077293398 0.049382170365268249 0.045646410445061868






# name: <cell-element>
# type: cell
# rows: 1
# columns: 4
# name: <cell-element>
# type: matrix
# rows: 3
# columns: 3
 0.0092502465316893559 0.0050374701597762604 0.023873439102862725
 0.0050374701597762604 0.0091843402842704536 0.020725470301269755
 0.023873439102862725 0.020725470301269755 0.092888519642716716



# name: <cell-element>
# type: matrix
# rows: 3
# columns: 3
 0.01715329300182937 0.021555328532827076 0.022282134493601159
 0.021555328532827076 0.060936594595456521 0.032090032175752299
 0.022282134493601159 0.032090032175752299 0.03127306163446978



# name: <cell-element>
# type: matrix
# rows: 3
# columns: 3
 0.053362640527297209 0.053551792047871298 0.041385292019899669
 0.053551792047871298 0.056359677243159358 0.040870984591449097
 0.041385292019899669 0.040870984591449097 0.035923046380431971



# name: <cell-element>
# type: matrix
# rows: 3
# columns: 3
 0.032613649313696452 0.035913803191646561 0.036964959774587351
 0.035913803191646561 0.049465925972531327 0.030902597965233199
 0.036964959774587351 0.030902597965233199 0.052134513092506052








# name: A_s
# type: global cell
# rows: 1
# columns: 2
# name: <cell-element>
# type: cell
# rows: 1
# columns: 4
# name: <cell-element>
# type: matrix
# rows: 3
# columns: 3
 0.11624020338058472 0.13907753229141234 0.013518296182155609
 0.12267957925796509 0.098124325275421143 0.17156516313552855
 0.15921366214752197 0.15198394060134887 0.10090532302856445



# name: <cell-element>
# type: matrix
# rows: 3
# columns: 3
 0.18915529251098634 0.040177220106124879 0.098384773731231695
 0.14772058725357057 0.11289607286453247 0.19286912679672241
 0.1325289249420166 0.1248432993888855 0.018453820049762724



# name: <cell-element>
# type: matrix
# rows: 3
# columns: 3
 0.037830415368080142 0.043990081548690795 0.12331267595291137
 0.052062535285949708 0.0087881587445735928 0.025917258858680726
 0.0081902027130126946 0.14176349639892577 0.18736805915832519



# name: <cell-element>
# type: matrix
# rows: 3
# columns: 3
 0.11659436225891114 0.12644872665405274 0.035362428426742552
 0.12344791889190673 0.17326555252075196 0.15389524698257445
 0.0041280176490545275 0.1802363634109497 0.11464825868606568






# name: <cell-element>
# type: cell
# rows: 1
# columns: 4
# name: <cell-element>
# type: matrix
# rows: 3
# columns: 3
 0.014777512848377227 0.089540243148803711 0.031849905848503113
 0.086371219158172613 0.041501185297966002 0.001415769848972559
 0.15503895282745361 0.1699102520942688 0.19995486736297607



# name: <cell-element>
# type: matrix
# rows: 3
# columns: 3
 0.018076163530349732 0.067758637666702273 0.11061334609985352
 0.1781946063041687 0.15564836263656617 0.070405000448226923
 0.064388626813888544 0.06376315355300903 0.15185989141464235



# name: <cell-element>
# type: matrix
# rows: 3
# columns: 3
 0.18117564916610718 0.022485317289829256 0.1415359854698181
 0.18863179683685302 0.070568770170211792 0.12568918466567994
 0.10213361978530884 0.025414815545082091 0.15762568712234498



# name: <cell-element>
# type: matrix
# rows: 3
# columns: 3
 0.094950562715530401 0.10001273155212402 0.11659971475601197
 0.16772102117538451 0.1350885510444641 0.055557793378829955
 0.031911581754684448 0.10729135274887085 0.19900937080383302








# name: b
# type: global cell
# rows: 1
# columns: 2
# name: <cell-element>
# type: matrix
# rows: 4
# columns: 1
 186.43689632415771
 170.28909206390381
 189.61484670639038
 188.32907915115356



# name: <cell-element>
# type: matrix
# rows: 4
# columns: 1
 173.81095886230469
 150.88565453886986
 167.46848821640015
 175.59020519256592





# name: alpha
# type: global cell
# rows: 1
# columns: 2
# name: <cell-element>
# type: scalar
0.90000000000000002



# name: <cell-element>
# type: scalar
0.90000000000000002





# name: x_min
# type: global cell
# rows: 1
# columns: 2
# name: <cell-element>
# type: matrix
# rows: 4
# columns: 3
 56 56 56
 56 56 56
 56 56 56
 56 56 56



# name: <cell-element>
# type: matrix
# rows: 4
# columns: 3
 57 57 57
 57 57 57
 57 57 57
 57 57 57





# name: x_max
# type: global cell
# rows: 1
# columns: 2
# name: <cell-element>
# type: matrix
# rows: 4
# columns: 3
 200.63088126480579 206.1236172914505 201.3874788582325
 201.66561752557755 200.36888927221298 203.77881944179535
 202.26309955120087 203.69086682796478 203.75022381544113
 209.24468994140625 202.24428445100784 200.13536460697651



# name: <cell-element>
# type: matrix
# rows: 4
# columns: 3
 209.51996743679047 202.78528451919556 203.02859306335449
 207.19062566757202 205.80140471458435 202.93571472167969
 204.39593195915222 202.78497457504272 202.75353938341141
 204.23576295375824 205.60587406158447 203.15384119749069





# name: x_initial
# type: cell
# rows: 1
# columns: 2
# name: <cell-element>
# type: matrix
# rows: 4
# columns: 3
 133.53652715682983 133.53652715682983 133.53652715682983
 133.53652715682983 133.53652715682983 133.53652715682983
 133.53652715682983 133.53652715682983 133.53652715682983
 133.53652715682983 133.53652715682983 133.53652715682983



# name: <cell-element>
# type: matrix
# rows: 4
# columns: 3
 133.66592168807983 133.66592168807983 133.66592168807983
 133.66592168807983 133.66592168807983 133.66592168807983
 133.66592168807983 133.66592168807983 133.66592168807983
 133.66592168807983 133.66592168807983 133.66592168807983





# name: x
# type: global cell
# rows: 1
# columns: 2
# name: <cell-element>
# type: matrix
# rows: 4
# columns: 3
 93.094507386671111 93.139305294321161 93.117499435639118
 93.672782153444587 93.665233501980353 93.675197098592022
 94.246555372810604 92.837675609419463 93.983460356271905
 93.573723879075075 93.932274092663903 93.842236741269872



# name: <cell-element>
# type: matrix
# rows: 4
# columns: 3
 93.81100076468617 93.721403610443062 93.765023314590678
 92.654430371926139 92.669519895989581 92.649592541472458
 91.506853716409765 94.324732251241073 92.033052129883259
 92.852543502829732 92.135433647773823 92.315509334918815





# name: w
# type: matrix
# rows: 32
# columns: 1
 4.5336151856218088
 4.5398076684287698
 4.5459142778916464
 4.5387496162844654
 4.5340962788010675
 4.5397270798579781
 4.5308525445721308
 4.5425740342176013
 4.5338621304829614
 4.5398334487457737
 4.5431188131316613
 4.5416150397524362
 0.23424330772097066
 0.49276453982857926
 0.084565172131994742
 0.18842698031845548
 4.5412821280767588
 4.5288767699575203
 4.516413873480789
 4.5310126810996563
 4.5403265901646961
 4.5290396147930094
 4.5467434272695213
 4.5232595994320004
 4.5407919007010378
 4.5288245548962527
 4.5221477748111392
 4.5252121591906489
 0.17480530578940562
 0.27544259995123488
 0.27643659648867203
 0.27331549777068748


# name: payoffs_history
# type: cell
# rows: 1
# columns: 2
# name: <cell-element>
# type: matrix
# rows: 1
# columns: 30
 20507.286448351661 64240.987426197396 99776.692042856128 104708.52129290947 104962.74269629938 104967.41504064947 105033.73153365881 105034.00538826043 105050.21671543884 105050.2329344083 105053.08960583097 105053.09012621068 105053.73430577081 105053.73433086801 105053.97487086215 105053.97487259512 105054.18802594197 105054.18802801498 105054.38668647755 105054.38668832285 105054.57809659155 105054.57809831473 105054.72411517303 105054.72411616947 105054.85223822635 105054.85223898561 105054.96480248249 105054.96480305264 105055.01260032938 105055.01260040163



# name: <cell-element>
# type: matrix
# rows: 1
# columns: 30
 28547.112947230795 125379.23701599159 132606.57523671858 110010.85107097065 110030.23470512297 109886.15397952686 109887.28355618006 109851.73076299697 109851.79732702546 109843.21601787372 109843.21970934967 109841.7116324165 109841.71210641286 109841.28126047453 109841.28140747774 109841.23719583327 109841.23730614428 109841.12100232311 109841.12108773235 109841.01644757672 109841.01651546867 109840.92067685036 109840.9207203126 109840.8401267859 109840.84015841315 109840.77243578093 109840.77245810776 109840.71433108451 109840.71433924063 109840.69697137375





# name: total_iter
# type: scalar
29


# name: opti
# type: cell
# rows: 1
# columns: 2
# name: <cell-element>
# type: matrix
# rows: 33
# columns: 1
 -2.2204460492503131e-16
 0.23424330772097066
 0.49276453982857926
 0.084565172131994742
 0.18842698031845548
 37.094507386671111
 37.672782153444587
 38.246555372810604
 37.573723879075075
 37.139305294321161
 37.665233501980353
 36.837675609419463
 37.932274092663903
 37.117499435639118
 37.675197098592022
 37.983460356271905
 37.842236741269872
 107.53637387813468
 107.99283537213296
 108.01654417839026
 115.67096606233117
 112.98431199712934
 106.70365577023263
 110.85319121854532
 108.31201035834394
 108.26997942259338
 110.10362234320333
 109.76676345916923
 106.29312786570664
 3.2110710540335958
 1.2256819852688352
 19.099724822554492
 4.3534852904055583



# name: <cell-element>
# type: matrix
# rows: 33
# columns: 1
 0
 0.17480530578940562
 0.27544259995123488
 0.27643659648867203
 0.27331549777068748
 36.81100076468617
 35.654430371926139
 34.506853716409765
 35.852543502829732
 36.721403610443062
 35.669519895989581
 37.324732251241073
 35.135433647773823
 36.765023314590678
 35.649592541472458
 35.033052129883259
 35.315509334918815
 115.7089666721043
 114.53619529564588
 112.88907824274246
 111.38321945092851
 109.06388090875249
 113.13188481859477
 108.46024232380165
 113.47044041381065
 109.26356974876381
 110.28612218020723
 110.72048725352815
 110.83833186257188
 -1.0233618894517349e-06
 -2.3782546065831411e-07
 -9.9389085050916037e-07
 -4.1461522926056205e-07





