# Created by Octave 5.2.0, Sun Jun 21 15:51:09 2020 IST <nalin@nalinspc>
# name: N1
# type: global scalar
0


# name: N2
# type: global scalar
0


# name: N3
# type: global scalar
4


# name: M
# type: global scalar
3


# name: beta
# type: global matrix
# rows: 4
# columns: 3
 300 300 300
 300 300 300
 300 300 300
 300 300 300


# name: delta
# type: global matrix
# rows: 4
# columns: 3
 1 1 1
 1 1 1
 1 1 1
 1 1 1


# name: c
# type: global cell
# rows: 1
# columns: 2
# name: <cell-element>
# type: matrix
# rows: 4
# columns: 3
 20 20 20
 20 20 20
 20 20 20
 20 20 20



# name: <cell-element>
# type: matrix
# rows: 4
# columns: 3
 15 15 15
 15 15 15
 15 15 15
 15 15 15





# name: A_u
# type: global cell
# rows: 1
# columns: 2
# name: <cell-element>
# type: matrix
# rows: 4
# columns: 3
 0.21849790215492249 0.25119432806968689 0.25776587128639222
 0.29547535777091982 0.24399213492870331 0.24289737343788148
 0.2968732595443726 0.28216945528984072 0.28334438800811768
 0.20155710000544788 0.24347410202026368 0.26258114576339719



# name: <cell-element>
# type: matrix
# rows: 4
# columns: 3
 0.25359262824058532 0.2268893748521805 0.20732535272836686
 0.20710484310984612 0.20332953333854675 0.21094121336936952
 0.24275120794773103 0.21525239795446396 0.23537687957286835
 0.24246200025081635 0.29935661554336546 0.24760217666625978





# name: A_v
# type: global cell
# rows: 1
# columns: 2
# name: <cell-element>
# type: cell
# rows: 1
# columns: 4
# name: <cell-element>
# type: matrix
# rows: 3
# columns: 3
 0.033037089201897026 0.030226456950461777 0.04100864791881207
 0.030226456950461777 0.054113267579388516 0.051757424915223713
 0.04100864791881207 0.051757424915223713 0.058629992630638554



# name: <cell-element>
# type: matrix
# rows: 3
# columns: 3
 0.047073497402518462 0.05145336666007503 0.031899979191968575
 0.05145336666007503 0.071765395238103769 0.037230741004036907
 0.031899979191968575 0.037230741004036907 0.033490308823018594



# name: <cell-element>
# type: matrix
# rows: 3
# columns: 3
 0.018572283652249666 0.0055520656980476571 0.029650883300714807
 0.0055520656980476571 0.0034594436212684481 0.0065283093193397685
 0.029650883300714807 0.0065283093193397685 0.05527075792448613



# name: <cell-element>
# type: matrix
# rows: 3
# columns: 3
 0.030834027127230039 0.041744649521288792 0.027326203077293398
 0.041744649521288792 0.068944087412891833 0.049382170365268249
 0.027326203077293398 0.049382170365268249 0.045646410445061868






# name: <cell-element>
# type: cell
# rows: 1
# columns: 4
# name: <cell-element>
# type: matrix
# rows: 3
# columns: 3
 0.0092502465316893559 0.0050374701597762604 0.023873439102862725
 0.0050374701597762604 0.0091843402842704536 0.020725470301269755
 0.023873439102862725 0.020725470301269755 0.092888519642716716



# name: <cell-element>
# type: matrix
# rows: 3
# columns: 3
 0.01715329300182937 0.021555328532827076 0.022282134493601159
 0.021555328532827076 0.060936594595456521 0.032090032175752299
 0.022282134493601159 0.032090032175752299 0.03127306163446978



# name: <cell-element>
# type: matrix
# rows: 3
# columns: 3
 0.053362640527297209 0.053551792047871298 0.041385292019899669
 0.053551792047871298 0.056359677243159358 0.040870984591449097
 0.041385292019899669 0.040870984591449097 0.035923046380431971



# name: <cell-element>
# type: matrix
# rows: 3
# columns: 3
 0.032613649313696452 0.035913803191646561 0.036964959774587351
 0.035913803191646561 0.049465925972531327 0.030902597965233199
 0.036964959774587351 0.030902597965233199 0.052134513092506052








# name: A_s
# type: global cell
# rows: 1
# columns: 2
# name: <cell-element>
# type: cell
# rows: 1
# columns: 4
# name: <cell-element>
# type: matrix
# rows: 3
# columns: 3
 0.11624020338058472 0.13907753229141234 0.013518296182155609
 0.12267957925796509 0.098124325275421143 0.17156516313552855
 0.15921366214752197 0.15198394060134887 0.10090532302856445



# name: <cell-element>
# type: matrix
# rows: 3
# columns: 3
 0.18915529251098634 0.040177220106124879 0.098384773731231695
 0.14772058725357057 0.11289607286453247 0.19286912679672241
 0.1325289249420166 0.1248432993888855 0.018453820049762724



# name: <cell-element>
# type: matrix
# rows: 3
# columns: 3
 0.037830415368080142 0.043990081548690795 0.12331267595291137
 0.052062535285949708 0.0087881587445735928 0.025917258858680726
 0.0081902027130126946 0.14176349639892577 0.18736805915832519



# name: <cell-element>
# type: matrix
# rows: 3
# columns: 3
 0.11659436225891114 0.12644872665405274 0.035362428426742552
 0.12344791889190673 0.17326555252075196 0.15389524698257445
 0.0041280176490545275 0.1802363634109497 0.11464825868606568






# name: <cell-element>
# type: cell
# rows: 1
# columns: 4
# name: <cell-element>
# type: matrix
# rows: 3
# columns: 3
 0.014777512848377227 0.089540243148803711 0.031849905848503113
 0.086371219158172613 0.041501185297966002 0.001415769848972559
 0.15503895282745361 0.1699102520942688 0.19995486736297607



# name: <cell-element>
# type: matrix
# rows: 3
# columns: 3
 0.018076163530349732 0.067758637666702273 0.11061334609985352
 0.1781946063041687 0.15564836263656617 0.070405000448226923
 0.064388626813888544 0.06376315355300903 0.15185989141464235



# name: <cell-element>
# type: matrix
# rows: 3
# columns: 3
 0.18117564916610718 0.022485317289829256 0.1415359854698181
 0.18863179683685302 0.070568770170211792 0.12568918466567994
 0.10213361978530884 0.025414815545082091 0.15762568712234498



# name: <cell-element>
# type: matrix
# rows: 3
# columns: 3
 0.094950562715530401 0.10001273155212402 0.11659971475601197
 0.16772102117538451 0.1350885510444641 0.055557793378829955
 0.031911581754684448 0.10729135274887085 0.19900937080383302








# name: b
# type: global cell
# rows: 1
# columns: 2
# name: <cell-element>
# type: matrix
# rows: 4
# columns: 1
 186.43689632415771
 170.28909206390381
 189.61484670639038
 188.32907915115356



# name: <cell-element>
# type: matrix
# rows: 4
# columns: 1
 173.81095886230469
 150.88565453886986
 167.46848821640015
 175.59020519256592





# name: alpha
# type: global cell
# rows: 1
# columns: 2
# name: <cell-element>
# type: scalar
0.90000000000000002



# name: <cell-element>
# type: scalar
0.90000000000000002





# name: x_min
# type: global cell
# rows: 1
# columns: 2
# name: <cell-element>
# type: matrix
# rows: 4
# columns: 3
 56 56 56
 56 56 56
 56 56 56
 56 56 56



# name: <cell-element>
# type: matrix
# rows: 4
# columns: 3
 57 57 57
 57 57 57
 57 57 57
 57 57 57





# name: x_max
# type: global cell
# rows: 1
# columns: 2
# name: <cell-element>
# type: matrix
# rows: 4
# columns: 3
 200.63088126480579 206.1236172914505 201.3874788582325
 201.66561752557755 200.36888927221298 203.77881944179535
 202.26309955120087 203.69086682796478 203.75022381544113
 209.24468994140625 202.24428445100784 200.13536460697651



# name: <cell-element>
# type: matrix
# rows: 4
# columns: 3
 209.51996743679047 202.78528451919556 203.02859306335449
 207.19062566757202 205.80140471458435 202.93571472167969
 204.39593195915222 202.78497457504272 202.75353938341141
 204.23576295375824 205.60587406158447 203.15384119749069





# name: x_initial
# type: cell
# rows: 1
# columns: 2
# name: <cell-element>
# type: matrix
# rows: 4
# columns: 3
 163.53652715682983 163.53652715682983 163.53652715682983
 163.53652715682983 163.53652715682983 163.53652715682983
 163.53652715682983 163.53652715682983 163.53652715682983
 163.53652715682983 163.53652715682983 163.53652715682983



# name: <cell-element>
# type: matrix
# rows: 4
# columns: 3
 163.66592168807983 163.66592168807983 163.66592168807983
 163.66592168807983 163.66592168807983 163.66592168807983
 163.66592168807983 163.66592168807983 163.66592168807983
 163.66592168807983 163.66592168807983 163.66592168807983





# name: x
# type: global cell
# rows: 1
# columns: 2
# name: <cell-element>
# type: matrix
# rows: 4
# columns: 3
 93.094731170847552 93.139476556180298 93.117568906249531
 93.672838999293077 93.665143327678066 93.67504217958188
 94.24664582163669 92.837563984526852 93.98355582945797
 93.573731349584634 93.932068636588426 93.842184486246012



# name: <cell-element>
# type: matrix
# rows: 4
# columns: 3
 93.810538047509027 93.721047301342153 93.764867266714603
 92.654315714127605 92.669712922534501 92.649909672134029
 91.506690483240291 94.324966493635415 92.032868013183119
 92.852538159296444 92.135850504086463 92.315629142152218





# name: w
# type: matrix
# rows: 32
# columns: 1
 4.5336175894575854
 4.5398082752841438
 4.5459152375955032
 4.5387496961200107
 4.5340981175704371
 4.5397261171278132
 4.5308513422051071
 4.5425718469363696
 4.5338628765359044
 4.5398317949554103
 4.5431198289820802
 4.5416144829132108
 0.24882282180297327
 0.52972888731597734
 0.048546438970778573
 0.1729018519102708
 4.5412771956241196
 4.5288755324789776
 4.5164120896437492
 4.531012623551061
 4.5403227883674067
 4.5290416977469743
 4.546745910627787
 4.5232641238082705
 4.5407902364556678
 4.5288279777944016
 4.5221457742593802
 4.5252134569915983
 0.17480031817108219
 0.27544539863275369
 0.27643457008287586
 0.27331971311328834


# name: payoffs_history
# type: cell
# rows: 1
# columns: 2
# name: <cell-element>
# type: matrix
# rows: 1
# columns: 24
 -92631.894688733184 40600.853330051941 89641.546660588589 104488.86330238756 104892.86177806027 104906.75783586895 105018.0400828787 105018.8675944666 105046.47461734121 105046.52428300612 105051.58583607319 105051.58754918337 105054.47450483337 105054.47506224643 105054.62613803764 105054.62613945016 105054.75922515935 105054.7592259181 105054.87727378041 105054.87727443395 105054.98412878935 105054.98412929478 105055.02738965073 105055.02738970878



# name: <cell-element>
# type: matrix
# rows: 1
# columns: 24
 -82885.232252354035 124059.5024027832 149400.95641337993 110102.12794898442 110159.29057466748 109916.66735280011 109920.05478318034 109859.62407694447 109859.82656573915 109845.16379145447 109845.17531133999 109842.50050856307 109842.50275129321 109841.0030261155 109841.00307838627 109840.88063529623 109840.88067448376 109840.82485412367 109840.82488344109 109840.76132179584 109840.76134313182 109840.70583709533 109840.70584483641 109840.68738828482





# name: total_iter
# type: scalar
23


# name: opti
# type: cell
# rows: 1
# columns: 2
# name: <cell-element>
# type: matrix
# rows: 33
# columns: 1
 0
 0.24882282180297327
 0.52972888731597734
 0.048546438970778573
 0.1729018519102708
 37.094731170847552
 37.672838999293077
 38.24664582163669
 37.573731349584634
 37.139476556180298
 37.665143327678066
 36.837563984526852
 37.932068636588426
 37.117568906249531
 37.67504217958188
 37.98355582945797
 37.842184486246012
 107.53615009395824
 107.99277852628447
 108.01645372956418
 115.67095859182162
 112.9841407352702
 106.70374594453492
 110.85330284343793
 108.31221581441942
 108.26990995198297
 110.10377726221347
 109.76666798598316
 106.2931801207305
 4.7062706900133264
 3.2394713029992488
 11.613300883155858
 2.3640249763600423



# name: <cell-element>
# type: matrix
# rows: 33
# columns: 1
 0
 0.17480031817108219
 0.27544539863275369
 0.27643457008287586
 0.27331971311328834
 36.810538047509027
 35.654315714127605
 34.506690483240291
 35.852538159296444
 36.721047301342153
 35.669712922534501
 37.324966493635415
 35.135850504086463
 36.764867266714603
 35.649909672134029
 35.032868013183119
 35.315629142152218
 115.70942938928144
 114.53630995344442
 112.88924147591193
 111.3832247944618
 109.0642372178534
 113.13169179204985
 108.46000808140731
 113.47002355749801
 109.26372579663989
 110.28580504954566
 110.72067137022829
 110.83821205533847
 -1.6663841506669996e-06
 -5.8261377944290871e-09
 -1.5848189747202923e-06
 -2.4428815947885596e-07





