# Created by Octave 5.2.0, Sun Jun 21 15:42:27 2020 IST <nalin@nalinspc>
# name: N1
# type: global scalar
0


# name: N2
# type: global scalar
0


# name: N3
# type: global scalar
4


# name: M
# type: global scalar
3


# name: beta
# type: global matrix
# rows: 4
# columns: 3
 300 300 300
 300 300 300
 300 300 300
 300 300 300


# name: delta
# type: global matrix
# rows: 4
# columns: 3
 1 1 1
 1 1 1
 1 1 1
 1 1 1


# name: c
# type: global cell
# rows: 1
# columns: 2
# name: <cell-element>
# type: matrix
# rows: 4
# columns: 3
 20 20 20
 20 20 20
 20 20 20
 20 20 20



# name: <cell-element>
# type: matrix
# rows: 4
# columns: 3
 15 15 15
 15 15 15
 15 15 15
 15 15 15





# name: A_u
# type: global matrix
# rows: 0
# columns: 0


# name: A_v
# type: global matrix
# rows: 0
# columns: 0


# name: A_s
# type: global matrix
# rows: 0
# columns: 0


# name: b
# type: global matrix
# rows: 0
# columns: 0


# name: alpha
# type: global cell
# rows: 1
# columns: 2
# name: <cell-element>
# type: scalar
0.90000000000000002



# name: <cell-element>
# type: scalar
0.90000000000000002





# name: x_min
# type: global cell
# rows: 1
# columns: 2
# name: <cell-element>
# type: matrix
# rows: 4
# columns: 3
 56 56 56
 56 56 56
 56 56 56
 56 56 56



# name: <cell-element>
# type: matrix
# rows: 4
# columns: 3
 57 57 57
 57 57 57
 57 57 57
 57 57 57





# name: x_max
# type: global cell
# rows: 1
# columns: 2
# name: <cell-element>
# type: matrix
# rows: 4
# columns: 3
 200.63088126480579 206.1236172914505 201.3874788582325
 201.66561752557755 200.36888927221298 203.77881944179535
 202.26309955120087 203.69086682796478 203.75022381544113
 209.24468994140625 202.24428445100784 200.13536460697651



# name: <cell-element>
# type: matrix
# rows: 4
# columns: 3
 209.51996743679047 202.78528451919556 203.02859306335449
 207.19062566757202 205.80140471458435 202.93571472167969
 204.39593195915222 202.78497457504272 202.75353938341141
 204.23576295375824 205.60587406158447 203.15384119749069





# name: x_initial
# type: cell
# rows: 1
# columns: 2
# name: <cell-element>
# type: matrix
# rows: 4
# columns: 3
 103.53652715682983 103.53652715682983 103.53652715682983
 103.53652715682983 103.53652715682983 103.53652715682983
 103.53652715682983 103.53652715682983 103.53652715682983
 103.53652715682983 103.53652715682983 103.53652715682983



# name: <cell-element>
# type: matrix
# rows: 4
# columns: 3
 103.66592168807983 103.66592168807983 103.66592168807983
 103.66592168807983 103.66592168807983 103.66592168807983
 103.66592168807983 103.66592168807983 103.66592168807983
 103.66592168807983 103.66592168807983 103.66592168807983





# name: x
# type: global cell
# rows: 1
# columns: 2
# name: <cell-element>
# type: matrix
# rows: 4
# columns: 3
 91.666683007596674 91.666679809084386 91.666673981746783
 91.66667612091905 91.666680738491792 91.666677886388953
 91.666680112321998 91.666682421887145 91.666677675902974
 91.666682837213131 91.666679485046672 91.666678653538071



# name: <cell-element>
# type: matrix
# rows: 4
# columns: 3
 96.666676586263264 96.666677020683636 96.666676273165891
 96.66668200085789 96.666681992206307 96.666677542570923
 96.666673044577252 96.66667500189503 96.666684824294293
 96.666674492910644 96.666672584316785 96.666677475057497





# name: w
# type: matrix
# rows: 32
# columns: 1
 4.5181589872631367
 4.518158912135755
 4.5181589556783273
 4.5181589854044075
 4.518158952370281
 4.5181589625092693
 4.5181589808735794
 4.5181589488353247
 4.5181588887993325
 4.5181589313954245
 4.5181589290992141
 4.5181589397643229
 0.25000000000000505
 0.25000000000000072
 0.24999999999998412
 0.25000000000001016
 4.5712687369289213
 4.5712687929419618
 4.5712687002907932
 4.5712687152735514
 4.5712687414229247
 4.5712687928524627
 4.5712687205389066
 4.5712686955294783
 4.5712687336899833
 4.5712687468217581
 4.5712688221499196
 4.5712687461233434
 0.25000000000000799
 0.25000000000000278
 0.24999999999998454
 0.25000000000000472


# name: payoffs_history
# type: cell
# rows: 1
# columns: 2
# name: <cell-element>
# type: matrix
# rows: 1
# columns: 19
 90446.467585436563 93281.12152234299 98835.233780153154 98917.909248297699 100347.58577159079 100352.75162865271 100712.85620419274 100713.17926323293 100803.50447007341 100803.52461544378 100826.12481395851 100826.12601346592 100831.21935132338 100831.21942256742 100833.5422876198 100833.54229290149 100833.41520085899 100833.41520118179 100833.32152310642



# name: <cell-element>
# type: matrix
# rows: 1
# columns: 19
 96779.458146815727 115898.96785835151 116229.64725650911 113129.76057722777 113150.42401034107 112385.88860840673 112387.18008236933 112196.50920361314 112196.58989525835 112148.73147770265 112148.73650190572 112137.30165606709 112137.30193690115 112133.99695623918 112133.9969858985 112133.09839583404 112133.09839592133 112133.31856936429 112133.31856941689





# name: total_iter
# type: scalar
18


# name: opti
# type: cell
# rows: 1
# columns: 2
# name: <cell-element>
# type: matrix
# rows: 29
# columns: 1
 0
 0.25000000000000505
 0.25000000000000072
 0.24999999999998412
 0.25000000000001016
 35.666683007596674
 35.66667612091905
 35.666680112321998
 35.666682837213131
 35.666679809084386
 35.666680738491792
 35.666682421887145
 35.666679485046672
 35.666673981746783
 35.666677886388953
 35.666677675902974
 35.666678653538071
 108.96419825720912
 109.9989414046585
 110.59641943887887
 117.57800710419312
 114.45693748236611
 108.70220853372119
 112.02418440607764
 110.57760496596117
 109.72080487648572
 112.1121415554064
 112.08354613953816
 108.46868595343844



# name: <cell-element>
# type: matrix
# rows: 29
# columns: 1
 0
 0.25000000000000799
 0.25000000000000278
 0.24999999999998454
 0.25000000000000472
 39.666676586263264
 39.66668200085789
 39.666673044577252
 39.666674492910644
 39.666677020683636
 39.666681992206307
 39.66667500189503
 39.666672584316785
 39.666676273165891
 39.666677542570923
 39.666684824294293
 39.666677475057497
 112.8532908505272
 110.52394366671413
 107.72925891457497
 107.5690884608476
 106.11860749851192
 109.13472272237804
 106.1182995731477
 108.93920147726769
 106.3619167901886
 106.26903717910876
 106.08685455911711
 106.48716372243319





