# Created by Octave 5.2.0, Sun Jun 21 15:41:46 2020 IST <nalin@nalinspc>
# name: N1
# type: global scalar
0


# name: N2
# type: global scalar
0


# name: N3
# type: global scalar
4


# name: M
# type: global scalar
3


# name: beta
# type: global matrix
# rows: 4
# columns: 3
 300 300 300
 300 300 300
 300 300 300
 300 300 300


# name: delta
# type: global matrix
# rows: 4
# columns: 3
 1 1 1
 1 1 1
 1 1 1
 1 1 1


# name: c
# type: global cell
# rows: 1
# columns: 2
# name: <cell-element>
# type: matrix
# rows: 4
# columns: 3
 20 20 20
 20 20 20
 20 20 20
 20 20 20



# name: <cell-element>
# type: matrix
# rows: 4
# columns: 3
 15 15 15
 15 15 15
 15 15 15
 15 15 15





# name: A_u
# type: global matrix
# rows: 0
# columns: 0


# name: A_v
# type: global matrix
# rows: 0
# columns: 0


# name: A_s
# type: global matrix
# rows: 0
# columns: 0


# name: b
# type: global matrix
# rows: 0
# columns: 0


# name: alpha
# type: global cell
# rows: 1
# columns: 2
# name: <cell-element>
# type: scalar
0.90000000000000002



# name: <cell-element>
# type: scalar
0.90000000000000002





# name: x_min
# type: global cell
# rows: 1
# columns: 2
# name: <cell-element>
# type: matrix
# rows: 4
# columns: 3
 56 56 56
 56 56 56
 56 56 56
 56 56 56



# name: <cell-element>
# type: matrix
# rows: 4
# columns: 3
 57 57 57
 57 57 57
 57 57 57
 57 57 57





# name: x_max
# type: global cell
# rows: 1
# columns: 2
# name: <cell-element>
# type: matrix
# rows: 4
# columns: 3
 200.63088126480579 206.1236172914505 201.3874788582325
 201.66561752557755 200.36888927221298 203.77881944179535
 202.26309955120087 203.69086682796478 203.75022381544113
 209.24468994140625 202.24428445100784 200.13536460697651



# name: <cell-element>
# type: matrix
# rows: 4
# columns: 3
 209.51996743679047 202.78528451919556 203.02859306335449
 207.19062566757202 205.80140471458435 202.93571472167969
 204.39593195915222 202.78497457504272 202.75353938341141
 204.23576295375824 205.60587406158447 203.15384119749069





# name: x_initial
# type: cell
# rows: 1
# columns: 2
# name: <cell-element>
# type: matrix
# rows: 4
# columns: 3
 43.536527156829834 43.536527156829834 43.536527156829834
 43.536527156829834 43.536527156829834 43.536527156829834
 43.536527156829834 43.536527156829834 43.536527156829834
 43.536527156829834 43.536527156829834 43.536527156829834



# name: <cell-element>
# type: matrix
# rows: 4
# columns: 3
 43.665921688079834 43.665921688079834 43.665921688079834
 43.665921688079834 43.665921688079834 43.665921688079834
 43.665921688079834 43.665921688079834 43.665921688079834
 43.665921688079834 43.665921688079834 43.665921688079834





# name: x
# type: global cell
# rows: 1
# columns: 2
# name: <cell-element>
# type: matrix
# rows: 4
# columns: 3
 91.666592446125932 91.666582007997619 91.666585921549071
 91.666572897294884 91.66658257953803 91.666603253299314
 91.666562226140641 91.666602179653225 91.666577440760747
 91.666567669458601 91.666584728805731 91.666588369834272



# name: <cell-element>
# type: matrix
# rows: 4
# columns: 3
 96.666699323528732 96.666707340440055 96.666700930752583
 96.666713636224515 96.666701184241646 96.666692855582411
 96.666718766351437 96.666694683557381 96.666705269141616
 96.666711936102104 96.66671002449425 96.666703822463248





# name: w
# type: matrix
# rows: 32
# columns: 1
 4.5181579993195076
 4.5181577860593372
 4.5181576696466195
 4.5181577290283359
 4.5181578854489182
 4.5181578916839102
 4.518158105503522
 4.5181579151304883
 4.5181579281422453
 4.518158117216033
 4.5181578356244687
 4.5181579548508344
 0.24999999999998673
 0.24999999999987232
 0.25000000000001144
 0.25000000000012945
 4.5712689721419606
 4.5712691202042697
 4.571269173274521
 4.5712691026168049
 4.5712690550754944
 4.5712689913907081
 4.5712689241422719
 4.5712690828415603
 4.5712689887684084
 4.5712689052321913
 4.571269033648278
 4.5712690186826457
 0.24999999999999295
 0.24999999999994435
 0.25000000000001626
 0.25000000000004635


# name: payoffs_history
# type: cell
# rows: 1
# columns: 2
# name: <cell-element>
# type: matrix
# rows: 1
# columns: 21
 100724.82985960657 167561.38971463358 111194.92083993478 115935.24195285284 104213.77884231451 104510.04910009625 101727.82108898391 101746.3379285157 101060.04198009 101061.19927016222 100890.16412058406 100890.23635292804 100847.27363792094 100847.27813374921 100836.86667305125 100836.8669886187 100834.30910586665 100834.30911393784 100833.27089906303 100833.27090047282 100833.29118744048



# name: <cell-element>
# type: matrix
# rows: 1
# columns: 21
 103644.14854598566 64538.42672652856 83499.709116560029 103394.82058242461 104579.90108510078 110146.22180685699 110220.28916818943 111648.90165327745 111653.53084590286 112013.07850492856 112013.36796265387 112103.50330914254 112103.52144099152 112125.51854229681 112125.51958149546 112131.85989402524 112131.85997352243 112132.97157981532 112132.97158585612 112133.42983370702 112133.42983371002





# name: total_iter
# type: scalar
20


# name: opti
# type: cell
# rows: 1
# columns: 2
# name: <cell-element>
# type: matrix
# rows: 29
# columns: 1
 0
 0.24999999999998673
 0.24999999999987232
 0.25000000000001144
 0.25000000000012945
 35.666592446125932
 35.666572897294884
 35.666562226140641
 35.666567669458601
 35.666582007997619
 35.66658257953803
 35.666602179653225
 35.666584728805731
 35.666585921549071
 35.666603253299314
 35.666577440760747
 35.666588369834272
 108.96428881867986
 109.99904462828266
 110.59653732506023
 117.57812227194765
 114.45703528345288
 108.70230669267495
 112.02426464831156
 110.57769972220211
 109.72089293668343
 112.11221618849603
 112.08364637468038
 108.46877623714224



# name: <cell-element>
# type: matrix
# rows: 29
# columns: 1
 0
 0.24999999999999295
 0.24999999999994435
 0.25000000000001626
 0.25000000000004635
 39.666699323528732
 39.666713636224515
 39.666718766351437
 39.666711936102104
 39.666707340440055
 39.666701184241646
 39.666694683557381
 39.66671002449425
 39.666700930752583
 39.666692855582411
 39.666705269141616
 39.666703822463248
 112.85326811326173
 110.52391203134751
 107.72921319280078
 107.56905101765614
 106.1185771787555
 109.1347035303427
 106.11827989148534
 108.93916403709022
 106.36189213260191
 106.26902186609728
 106.08683411426979
 106.48713737502744





