# Created by Octave 5.2.0, Sun Jun 21 15:52:25 2020 IST <nalin@nalinspc>
# name: N1
# type: global scalar
0


# name: N2
# type: global scalar
0


# name: N3
# type: global scalar
4


# name: M
# type: global scalar
3


# name: beta
# type: global matrix
# rows: 4
# columns: 3
 300 300 300
 300 300 300
 300 300 300
 300 300 300


# name: delta
# type: global matrix
# rows: 4
# columns: 3
 1 1 1
 1 1 1
 1 1 1
 1 1 1


# name: c
# type: global cell
# rows: 1
# columns: 2
# name: <cell-element>
# type: matrix
# rows: 4
# columns: 3
 20 20 20
 20 20 20
 20 20 20
 20 20 20



# name: <cell-element>
# type: matrix
# rows: 4
# columns: 3
 15 15 15
 15 15 15
 15 15 15
 15 15 15





# name: A_u
# type: global cell
# rows: 1
# columns: 2
# name: <cell-element>
# type: matrix
# rows: 4
# columns: 3
 0.21849790215492249 0.25119432806968689 0.25776587128639222
 0.29547535777091982 0.24399213492870331 0.24289737343788148
 0.2968732595443726 0.28216945528984072 0.28334438800811768
 0.20155710000544788 0.24347410202026368 0.26258114576339719



# name: <cell-element>
# type: matrix
# rows: 4
# columns: 3
 0.25359262824058532 0.2268893748521805 0.20732535272836686
 0.20710484310984612 0.20332953333854675 0.21094121336936952
 0.24275120794773103 0.21525239795446396 0.23537687957286835
 0.24246200025081635 0.29935661554336546 0.24760217666625978





# name: A_v
# type: global cell
# rows: 1
# columns: 2
# name: <cell-element>
# type: cell
# rows: 1
# columns: 4
# name: <cell-element>
# type: matrix
# rows: 3
# columns: 3
 0.033037089201897026 0.030226456950461777 0.04100864791881207
 0.030226456950461777 0.054113267579388516 0.051757424915223713
 0.04100864791881207 0.051757424915223713 0.058629992630638554



# name: <cell-element>
# type: matrix
# rows: 3
# columns: 3
 0.047073497402518462 0.05145336666007503 0.031899979191968575
 0.05145336666007503 0.071765395238103769 0.037230741004036907
 0.031899979191968575 0.037230741004036907 0.033490308823018594



# name: <cell-element>
# type: matrix
# rows: 3
# columns: 3
 0.018572283652249666 0.0055520656980476571 0.029650883300714807
 0.0055520656980476571 0.0034594436212684481 0.0065283093193397685
 0.029650883300714807 0.0065283093193397685 0.05527075792448613



# name: <cell-element>
# type: matrix
# rows: 3
# columns: 3
 0.030834027127230039 0.041744649521288792 0.027326203077293398
 0.041744649521288792 0.068944087412891833 0.049382170365268249
 0.027326203077293398 0.049382170365268249 0.045646410445061868






# name: <cell-element>
# type: cell
# rows: 1
# columns: 4
# name: <cell-element>
# type: matrix
# rows: 3
# columns: 3
 0.0092502465316893559 0.0050374701597762604 0.023873439102862725
 0.0050374701597762604 0.0091843402842704536 0.020725470301269755
 0.023873439102862725 0.020725470301269755 0.092888519642716716



# name: <cell-element>
# type: matrix
# rows: 3
# columns: 3
 0.01715329300182937 0.021555328532827076 0.022282134493601159
 0.021555328532827076 0.060936594595456521 0.032090032175752299
 0.022282134493601159 0.032090032175752299 0.03127306163446978



# name: <cell-element>
# type: matrix
# rows: 3
# columns: 3
 0.053362640527297209 0.053551792047871298 0.041385292019899669
 0.053551792047871298 0.056359677243159358 0.040870984591449097
 0.041385292019899669 0.040870984591449097 0.035923046380431971



# name: <cell-element>
# type: matrix
# rows: 3
# columns: 3
 0.032613649313696452 0.035913803191646561 0.036964959774587351
 0.035913803191646561 0.049465925972531327 0.030902597965233199
 0.036964959774587351 0.030902597965233199 0.052134513092506052








# name: A_s
# type: global cell
# rows: 1
# columns: 2
# name: <cell-element>
# type: cell
# rows: 1
# columns: 4
# name: <cell-element>
# type: matrix
# rows: 3
# columns: 3
 0.11624020338058472 0.13907753229141234 0.013518296182155609
 0.12267957925796509 0.098124325275421143 0.17156516313552855
 0.15921366214752197 0.15198394060134887 0.10090532302856445



# name: <cell-element>
# type: matrix
# rows: 3
# columns: 3
 0.18915529251098634 0.040177220106124879 0.098384773731231695
 0.14772058725357057 0.11289607286453247 0.19286912679672241
 0.1325289249420166 0.1248432993888855 0.018453820049762724



# name: <cell-element>
# type: matrix
# rows: 3
# columns: 3
 0.037830415368080142 0.043990081548690795 0.12331267595291137
 0.052062535285949708 0.0087881587445735928 0.025917258858680726
 0.0081902027130126946 0.14176349639892577 0.18736805915832519



# name: <cell-element>
# type: matrix
# rows: 3
# columns: 3
 0.11659436225891114 0.12644872665405274 0.035362428426742552
 0.12344791889190673 0.17326555252075196 0.15389524698257445
 0.0041280176490545275 0.1802363634109497 0.11464825868606568






# name: <cell-element>
# type: cell
# rows: 1
# columns: 4
# name: <cell-element>
# type: matrix
# rows: 3
# columns: 3
 0.014777512848377227 0.089540243148803711 0.031849905848503113
 0.086371219158172613 0.041501185297966002 0.001415769848972559
 0.15503895282745361 0.1699102520942688 0.19995486736297607



# name: <cell-element>
# type: matrix
# rows: 3
# columns: 3
 0.018076163530349732 0.067758637666702273 0.11061334609985352
 0.1781946063041687 0.15564836263656617 0.070405000448226923
 0.064388626813888544 0.06376315355300903 0.15185989141464235



# name: <cell-element>
# type: matrix
# rows: 3
# columns: 3
 0.18117564916610718 0.022485317289829256 0.1415359854698181
 0.18863179683685302 0.070568770170211792 0.12568918466567994
 0.10213361978530884 0.025414815545082091 0.15762568712234498



# name: <cell-element>
# type: matrix
# rows: 3
# columns: 3
 0.094950562715530401 0.10001273155212402 0.11659971475601197
 0.16772102117538451 0.1350885510444641 0.055557793378829955
 0.031911581754684448 0.10729135274887085 0.19900937080383302








# name: b
# type: global cell
# rows: 1
# columns: 2
# name: <cell-element>
# type: matrix
# rows: 4
# columns: 1
 186.43689632415771
 170.28909206390381
 189.61484670639038
 188.32907915115356



# name: <cell-element>
# type: matrix
# rows: 4
# columns: 1
 173.81095886230469
 150.88565453886986
 167.46848821640015
 175.59020519256592





# name: alpha
# type: global cell
# rows: 1
# columns: 2
# name: <cell-element>
# type: scalar
0.90000000000000002



# name: <cell-element>
# type: scalar
0.90000000000000002





# name: x_min
# type: global cell
# rows: 1
# columns: 2
# name: <cell-element>
# type: matrix
# rows: 4
# columns: 3
 56 56 56
 56 56 56
 56 56 56
 56 56 56



# name: <cell-element>
# type: matrix
# rows: 4
# columns: 3
 57 57 57
 57 57 57
 57 57 57
 57 57 57





# name: x_max
# type: global cell
# rows: 1
# columns: 2
# name: <cell-element>
# type: matrix
# rows: 4
# columns: 3
 200.63088126480579 206.1236172914505 201.3874788582325
 201.66561752557755 200.36888927221298 203.77881944179535
 202.26309955120087 203.69086682796478 203.75022381544113
 209.24468994140625 202.24428445100784 200.13536460697651



# name: <cell-element>
# type: matrix
# rows: 4
# columns: 3
 209.51996743679047 202.78528451919556 203.02859306335449
 207.19062566757202 205.80140471458435 202.93571472167969
 204.39593195915222 202.78497457504272 202.75353938341141
 204.23576295375824 205.60587406158447 203.15384119749069





# name: x_initial
# type: cell
# rows: 1
# columns: 2
# name: <cell-element>
# type: matrix
# rows: 4
# columns: 3
 193.53652715682983 193.53652715682983 193.53652715682983
 193.53652715682983 193.53652715682983 193.53652715682983
 193.53652715682983 193.53652715682983 193.53652715682983
 193.53652715682983 193.53652715682983 193.53652715682983



# name: <cell-element>
# type: matrix
# rows: 4
# columns: 3
 193.66592168807983 193.66592168807983 193.66592168807983
 193.66592168807983 193.66592168807983 193.66592168807983
 193.66592168807983 193.66592168807983 193.66592168807983
 193.66592168807983 193.66592168807983 193.66592168807983





# name: x
# type: global cell
# rows: 1
# columns: 2
# name: <cell-element>
# type: matrix
# rows: 4
# columns: 3
 93.094794816641922 93.13933670090826 93.118290098222175
 93.67255102272 93.665412295580097 93.674655996048969
 94.246760796967095 92.838769247134053 93.983183075915989
 93.573519812448367 93.932228921972268 93.841721722706083



# name: <cell-element>
# type: matrix
# rows: 4
# columns: 3
 93.810430520505093 93.721338574618443 93.763411200951012
 92.654903017550907 92.669135254859256 92.650704075101984
 91.506392168782227 94.322539382898213 92.033627452928783
 92.852990204628426 92.135493731611461 92.316564833798765





# name: w
# type: matrix
# rows: 32
# columns: 1
 4.5336182731243388
 4.5398052009990169
 4.5459164575355793
 4.5387474354708699
 4.534096616001154
 4.5397289887138301
 4.5308643246093396
 4.5425735533317404
 4.5338706214672673
 4.5398276723596798
 4.5431158628171708
 4.5416095516055748
 0.24129194819233168
 0.51439945483632887
 0.074920869683765795
 0.16938772728757354
 4.5412760494089097
 4.5288818711104533
 4.5164088296095075
 4.531017491961129
 4.5403258962373254
 4.529035464108631
 4.5467201789254137
 4.5232602515569829
 4.5407747074295868
 4.5288365520020299
 4.5221540260571205
 4.5252235927282367
 0.17479382835824575
 0.27545109582850819
 0.27642800016515034
 0.273327075648096


# name: payoffs_history
# type: cell
# rows: 1
# columns: 2
# name: <cell-element>
# type: matrix
# rows: 1
# columns: 34
 -248971.07582581835 20384.500589877614 87738.556000873301 104459.79731898991 104882.93291635119 104898.51382314734 105015.86607413014 105016.79463136874 105046.0415885113 105046.09745215518 105051.71294742808 105051.71510013839 105052.70738090007 105052.70744867557 105053.32543096523 105053.325451183 105053.61285678385 105053.61285977812 105054.3823852877 105054.38243318131 105054.73646962857 105054.73647964587 105054.84325542321 105054.84325610075 105054.94336431322 105054.94336492845 105055.0046906296 105055.00469115598 105055.05809924734 105055.05809978451 105055.11013359363 105055.11013377897 105055.1560087507 105055.15600887685



# name: <cell-element>
# type: matrix
# rows: 1
# columns: 34
 -237517.57745193908 82116.081849695111 151830.34634267472 110112.99711704502 110177.0109670598 109920.74708796079 109924.54545622002 109860.7012032232 109860.9286476284 109845.38864117319 109845.40182026877 109842.4357874316 109842.43706880011 109841.90239942312 109841.90300638168 109841.60129846411 109841.6015258093 109841.43151432768 109841.43191582212 109841.0383707271 109841.03849794966 109840.86001110461 109840.86004138003 109840.7750843713 109840.77510809545 109840.72840681451 109840.72842156517 109840.69802569687 109840.69803624974 109840.66939488321 109840.66940411038 109840.6413626048 109840.64136960557 109840.62218508573





# name: total_iter
# type: scalar
33


# name: opti
# type: cell
# rows: 1
# columns: 2
# name: <cell-element>
# type: matrix
# rows: 33
# columns: 1
 1.1102230246251565e-16
 0.24129194819233168
 0.51439945483632887
 0.074920869683765795
 0.16938772728757354
 37.094794816641922
 37.67255102272
 38.246760796967095
 37.573519812448367
 37.13933670090826
 37.665412295580097
 36.838769247134053
 37.932228921972268
 37.118290098222175
 37.674655996048969
 37.983183075915989
 37.841721722706083
 107.53608644816387
 107.99306650285754
 108.01633875423377
 115.67117012895788
 112.98428059054224
 106.70347697663288
 110.85209758083073
 108.31205552903558
 108.26918876001032
 110.10416344574638
 109.76704073952514
 106.29364288427043
 3.9430194338480646
 2.4192193378918461
 17.425280965904832
 1.8926422559688945



# name: <cell-element>
# type: matrix
# rows: 33
# columns: 1
 -4.4408920985006262e-16
 0.17479382835824575
 0.27545109582850819
 0.27642800016515034
 0.273327075648096
 36.810430520505093
 35.654903017550907
 34.506392168782227
 35.852990204628426
 36.721338574618443
 35.669135254859256
 37.322539382898213
 35.135493731611461
 36.763411200951012
 35.650704075101984
 35.033627452928783
 35.316564833798765
 115.70953691628537
 114.53572265002111
 112.88953979036999
 111.38277274912981
 109.06394594457711
 113.13226945972509
 108.46243519214451
 113.47038032997301
 109.26518186240348
 110.2850106465777
 110.71991193048262
 110.83727636369193
 -2.5518455828432707e-06
 -1.0699800725433306e-06
 -2.8213377447627863e-06
 -8.8958967126018251e-07





