# Created by Octave 5.2.0, Sun Jun 21 15:44:33 2020 IST <nalin@nalinspc>
# name: N1
# type: global scalar
0


# name: N2
# type: global scalar
0


# name: N3
# type: global scalar
4


# name: M
# type: global scalar
3


# name: beta
# type: global matrix
# rows: 4
# columns: 3
 300 300 300
 300 300 300
 300 300 300
 300 300 300


# name: delta
# type: global matrix
# rows: 4
# columns: 3
 1 1 1
 1 1 1
 1 1 1
 1 1 1


# name: c
# type: global cell
# rows: 1
# columns: 2
# name: <cell-element>
# type: matrix
# rows: 4
# columns: 3
 20 20 20
 20 20 20
 20 20 20
 20 20 20



# name: <cell-element>
# type: matrix
# rows: 4
# columns: 3
 15 15 15
 15 15 15
 15 15 15
 15 15 15





# name: A_u
# type: global matrix
# rows: 0
# columns: 0


# name: A_v
# type: global matrix
# rows: 0
# columns: 0


# name: A_s
# type: global matrix
# rows: 0
# columns: 0


# name: b
# type: global matrix
# rows: 0
# columns: 0


# name: alpha
# type: global cell
# rows: 1
# columns: 2
# name: <cell-element>
# type: scalar
0.90000000000000002



# name: <cell-element>
# type: scalar
0.90000000000000002





# name: x_min
# type: global cell
# rows: 1
# columns: 2
# name: <cell-element>
# type: matrix
# rows: 4
# columns: 3
 56 56 56
 56 56 56
 56 56 56
 56 56 56



# name: <cell-element>
# type: matrix
# rows: 4
# columns: 3
 57 57 57
 57 57 57
 57 57 57
 57 57 57





# name: x_max
# type: global cell
# rows: 1
# columns: 2
# name: <cell-element>
# type: matrix
# rows: 4
# columns: 3
 200.63088126480579 206.1236172914505 201.3874788582325
 201.66561752557755 200.36888927221298 203.77881944179535
 202.26309955120087 203.69086682796478 203.75022381544113
 209.24468994140625 202.24428445100784 200.13536460697651



# name: <cell-element>
# type: matrix
# rows: 4
# columns: 3
 209.51996743679047 202.78528451919556 203.02859306335449
 207.19062566757202 205.80140471458435 202.93571472167969
 204.39593195915222 202.78497457504272 202.75353938341141
 204.23576295375824 205.60587406158447 203.15384119749069





# name: x_initial
# type: cell
# rows: 1
# columns: 2
# name: <cell-element>
# type: matrix
# rows: 4
# columns: 3
 253.53652715682983 253.53652715682983 253.53652715682983
 253.53652715682983 253.53652715682983 253.53652715682983
 253.53652715682983 253.53652715682983 253.53652715682983
 253.53652715682983 253.53652715682983 253.53652715682983



# name: <cell-element>
# type: matrix
# rows: 4
# columns: 3
 253.66592168807983 253.66592168807983 253.66592168807983
 253.66592168807983 253.66592168807983 253.66592168807983
 253.66592168807983 253.66592168807983 253.66592168807983
 253.66592168807983 253.66592168807983 253.66592168807983





# name: x
# type: global cell
# rows: 1
# columns: 2
# name: <cell-element>
# type: matrix
# rows: 4
# columns: 3
 91.666769795658794 91.666759084752755 91.666780110411509
 91.666760308298038 91.666757011448851 91.666766089257521
 91.666756457908193 91.666750127661814 91.666777747420952
 91.666771910127139 91.666761011324752 91.666774396121113



# name: <cell-element>
# type: matrix
# rows: 4
# columns: 3
 96.666629172964875 96.666636081752173 96.666618629955522
 96.666633533690828 96.666632790339207 96.666630276032706
 96.666632672405726 96.666635168390542 96.666620320874628
 96.666621199391585 96.666630490499983 96.666622018468487





# name: w
# type: matrix
# rows: 32
# columns: 1
 4.5181599340413792
 4.5181598305430093
 4.5181597885387985
 4.5181599571082804
 4.5181598171952562
 4.5181597945774179
 4.5181597194816305
 4.5181598382123838
 4.5181600465658214
 4.5181598936079554
 4.5181600207877741
 4.5181599842281832
 0.2499999999977813
 0.24999999999881062
 0.25000000000072758
 0.25000000000268063
 4.5712682464464542
 4.5712682915574288
 4.5712682826475799
 4.5712681639611779
 4.5712683179166929
 4.5712682838675818
 4.5712683084681212
 4.571268260076133
 4.571268137380792
 4.571268257857505
 4.5712681548730671
 4.5712681724343911
 0.24999999999990169
 0.25000000000005124
 0.25000000000003186
 0.25000000000001521


# name: payoffs_history
# type: cell
# rows: 1
# columns: 2
# name: <cell-element>
# type: matrix
# rows: 1
# columns: 21
 -691249.43809998827 -19935.500767447407 73583.99394117108 82170.739761432036 95452.12869979137 95988.801444659461 99577.480631312428 99611.022652963031 100524.96081618924 100527.05718038455 100756.40476577 100756.5354820326 100814.36377264942 100814.37207371625 100829.23343099959 100829.23398520381 100832.24276945533 100832.24279040191 100833.44032041435 100833.44032175613 100833.37528407437



# name: <cell-element>
# type: matrix
# rows: 1
# columns: 21
 -676382.26785110903 -75082.849236505572 157322.99813805262 120568.50121186987 122715.19149343972 114599.90520833711 114734.07288114162 112772.33611057849 112780.72154928162 112294.43708453415 112294.96126848157 112173.81118372313 112173.84409297304 112143.37465760463 112143.37665368922 112135.45749655865 112135.457591357 112133.6681631097 112133.66817105151 112133.21887513054 112133.2188751567





# name: total_iter
# type: scalar
20


# name: opti
# type: cell
# rows: 1
# columns: 2
# name: <cell-element>
# type: matrix
# rows: 29
# columns: 1
 0
 0.2499999999977813
 0.24999999999881062
 0.25000000000072758
 0.25000000000268063
 35.666769795658794
 35.666760308298038
 35.666756457908193
 35.666771910127139
 35.666759084752755
 35.666757011448851
 35.666750127661814
 35.666761011324752
 35.666780110411509
 35.666766089257521
 35.666777747420952
 35.666774396121113
 108.964111469147
 109.99885721727951
 110.59634309329267
 117.57791803127911
 114.45685820669775
 108.70213226076413
 112.02411670030297
 110.57752343968309
 109.72069874782099
 112.11205335253783
 112.08344606802018
 108.4685902108554



# name: <cell-element>
# type: matrix
# rows: 29
# columns: 1
 0
 0.24999999999990169
 0.25000000000005124
 0.25000000000003186
 0.25000000000001521
 39.666629172964875
 39.666633533690828
 39.666632672405726
 39.666621199391585
 39.666636081752173
 39.666632790339207
 39.666635168390542
 39.666630490499983
 39.666618629955522
 39.666630276032706
 39.666620320874628
 39.666622018468487
 112.85333826382559
 110.52399213388119
 107.7292992867465
 107.56914175436665
 106.11864843744338
 109.13477192424514
 106.11833940665218
 108.93924357108449
 106.36197443339897
 106.26908444564698
 106.08691906253678
 106.4872191790222





