# Created by Octave 5.2.0, Sun Jun 21 15:42:02 2020 IST <nalin@nalinspc>
# name: N1
# type: global scalar
0


# name: N2
# type: global scalar
0


# name: N3
# type: global scalar
4


# name: M
# type: global scalar
3


# name: beta
# type: global matrix
# rows: 4
# columns: 3
 300 300 300
 300 300 300
 300 300 300
 300 300 300


# name: delta
# type: global matrix
# rows: 4
# columns: 3
 1 1 1
 1 1 1
 1 1 1
 1 1 1


# name: c
# type: global cell
# rows: 1
# columns: 2
# name: <cell-element>
# type: matrix
# rows: 4
# columns: 3
 20 20 20
 20 20 20
 20 20 20
 20 20 20



# name: <cell-element>
# type: matrix
# rows: 4
# columns: 3
 15 15 15
 15 15 15
 15 15 15
 15 15 15





# name: A_u
# type: global matrix
# rows: 0
# columns: 0


# name: A_v
# type: global matrix
# rows: 0
# columns: 0


# name: A_s
# type: global matrix
# rows: 0
# columns: 0


# name: b
# type: global matrix
# rows: 0
# columns: 0


# name: alpha
# type: global cell
# rows: 1
# columns: 2
# name: <cell-element>
# type: scalar
0.90000000000000002



# name: <cell-element>
# type: scalar
0.90000000000000002





# name: x_min
# type: global cell
# rows: 1
# columns: 2
# name: <cell-element>
# type: matrix
# rows: 4
# columns: 3
 56 56 56
 56 56 56
 56 56 56
 56 56 56



# name: <cell-element>
# type: matrix
# rows: 4
# columns: 3
 57 57 57
 57 57 57
 57 57 57
 57 57 57





# name: x_max
# type: global cell
# rows: 1
# columns: 2
# name: <cell-element>
# type: matrix
# rows: 4
# columns: 3
 200.63088126480579 206.1236172914505 201.3874788582325
 201.66561752557755 200.36888927221298 203.77881944179535
 202.26309955120087 203.69086682796478 203.75022381544113
 209.24468994140625 202.24428445100784 200.13536460697651



# name: <cell-element>
# type: matrix
# rows: 4
# columns: 3
 209.51996743679047 202.78528451919556 203.02859306335449
 207.19062566757202 205.80140471458435 202.93571472167969
 204.39593195915222 202.78497457504272 202.75353938341141
 204.23576295375824 205.60587406158447 203.15384119749069





# name: x_initial
# type: cell
# rows: 1
# columns: 2
# name: <cell-element>
# type: matrix
# rows: 4
# columns: 3
 63.536527156829834 63.536527156829834 63.536527156829834
 63.536527156829834 63.536527156829834 63.536527156829834
 63.536527156829834 63.536527156829834 63.536527156829834
 63.536527156829834 63.536527156829834 63.536527156829834



# name: <cell-element>
# type: matrix
# rows: 4
# columns: 3
 63.665921688079834 63.665921688079834 63.665921688079834
 63.665921688079834 63.665921688079834 63.665921688079834
 63.665921688079834 63.665921688079834 63.665921688079834
 63.665921688079834 63.665921688079834 63.665921688079834





# name: x
# type: global cell
# rows: 1
# columns: 2
# name: <cell-element>
# type: matrix
# rows: 4
# columns: 3
 91.666608605392582 91.666618053347449 91.666601014137726
 91.666622747876517 91.666593114004598 91.666594097670753
 91.666607599109952 91.666632684935948 91.666586115300689
 91.666602399171353 91.666610845123046 91.666589694439224



# name: <cell-element>
# type: matrix
# rows: 4
# columns: 3
 96.666789022300406 96.666756005166448 96.666798550664382
 96.666756590417549 96.666811834592778 96.666810202525383
 96.666798092198761 96.666743064511678 96.666820641310863
 96.666794921616528 96.666786971677084 96.66682169063526





# name: w
# type: matrix
# rows: 32
# columns: 1
 4.5181581756025437
 4.5181583298842725
 4.518158164624908
 4.5181581078982669
 4.5181582786712022
 4.5181580066054625
 4.5181584382886033
 4.5181582000359821
 4.5181580927887985
 4.5181580173363747
 4.5181579302559012
 4.5181579693010825
 0.24999999999994246
 0.24999999999998104
 0.24999999999999892
 0.25000000000007772
 4.5712699000595443
 4.5712695645576762
 4.5712699938859558
 4.5712699610868732
 4.57126955850336
 4.5712701360484491
 4.5712694246346324
 4.571269878846226
 4.5712699986286971
 4.5712701191650185
 4.5712702271522883
 4.5712702380073509
 0.25000000000001599
 0.25000000000000727
 0.24999999999998748
 0.2499999999999894


# name: payoffs_history
# type: cell
# rows: 1
# columns: 2
# name: <cell-element>
# type: matrix
# rows: 1
# columns: 20
 116498.70910154992 140401.30031720383 108274.96404036792 110112.73508845476 103000.03859975497 103114.8992966337 101394.15625901386 101401.33502494381 100974.73121177986 100975.17990028148 100868.81872736535 100868.84673500602 100842.16033443934 100842.16207403809 100835.82999427531 100835.8300857734 100833.6384899421 100833.63851052518 100833.19697118149 100833.19697118294



# name: <cell-element>
# type: matrix
# rows: 1
# columns: 20
 120555.91841292905 86458.604695987407 93809.685990985337 106939.83007780208 107399.27259345609 110911.5312573483 110940.24649627204 111832.66706014065 111834.46178199525 112058.46855094013 112058.58071486908 112114.70595456542 112114.71301482928 112128.80511961646 112128.80555880457 112131.65887917439 112131.65890666531 112133.41612516565 112133.41612627593 112133.40419275363





# name: total_iter
# type: scalar
19


# name: opti
# type: cell
# rows: 1
# columns: 2
# name: <cell-element>
# type: matrix
# rows: 29
# columns: 1
 0
 0.24999999999994246
 0.24999999999998104
 0.24999999999999892
 0.25000000000007772
 35.666608605392582
 35.666622747876517
 35.666607599109952
 35.666602399171353
 35.666618053347449
 35.666593114004598
 35.666632684935948
 35.666610845123046
 35.666601014137726
 35.666594097670753
 35.666586115300689
 35.666589694439224
 108.96427265941321
 109.99899477770103
 110.59649195209091
 117.5780875422349
 114.45699923810305
 108.70229615820838
 112.02423414302883
 110.5776736058848
 109.72087784409477
 112.1122253441246
 112.08363770014044
 108.46877491253728



# name: <cell-element>
# type: matrix
# rows: 29
# columns: 1
 -2.2204460492503131e-16
 0.25000000000001599
 0.25000000000000727
 0.24999999999998748
 0.2499999999999894
 39.666789022300406
 39.666756590417549
 39.666798092198761
 39.666794921616528
 39.666756005166448
 39.666811834592778
 39.666743064511678
 39.666786971677084
 39.666798550664382
 39.666810202525383
 39.666820641310863
 39.66682169063526
 112.85317841449006
 110.52386907715447
 107.72913386695346
 107.56896803214171
 106.11852851402911
 109.13459287999157
 106.11823151053105
 108.93908708990739
 106.36179451269011
 106.2689045191543
 106.08671874210054
 106.48701950685543





