# Created by Octave 5.2.0, Sun Jun 21 15:43:37 2020 IST <nalin@nalinspc>
# name: N1
# type: global scalar
0


# name: N2
# type: global scalar
0


# name: N3
# type: global scalar
4


# name: M
# type: global scalar
3


# name: beta
# type: global matrix
# rows: 4
# columns: 3
 300 300 300
 300 300 300
 300 300 300
 300 300 300


# name: delta
# type: global matrix
# rows: 4
# columns: 3
 1 1 1
 1 1 1
 1 1 1
 1 1 1


# name: c
# type: global cell
# rows: 1
# columns: 2
# name: <cell-element>
# type: matrix
# rows: 4
# columns: 3
 20 20 20
 20 20 20
 20 20 20
 20 20 20



# name: <cell-element>
# type: matrix
# rows: 4
# columns: 3
 15 15 15
 15 15 15
 15 15 15
 15 15 15





# name: A_u
# type: global matrix
# rows: 0
# columns: 0


# name: A_v
# type: global matrix
# rows: 0
# columns: 0


# name: A_s
# type: global matrix
# rows: 0
# columns: 0


# name: b
# type: global matrix
# rows: 0
# columns: 0


# name: alpha
# type: global cell
# rows: 1
# columns: 2
# name: <cell-element>
# type: scalar
0.90000000000000002



# name: <cell-element>
# type: scalar
0.90000000000000002





# name: x_min
# type: global cell
# rows: 1
# columns: 2
# name: <cell-element>
# type: matrix
# rows: 4
# columns: 3
 56 56 56
 56 56 56
 56 56 56
 56 56 56



# name: <cell-element>
# type: matrix
# rows: 4
# columns: 3
 57 57 57
 57 57 57
 57 57 57
 57 57 57





# name: x_max
# type: global cell
# rows: 1
# columns: 2
# name: <cell-element>
# type: matrix
# rows: 4
# columns: 3
 200.63088126480579 206.1236172914505 201.3874788582325
 201.66561752557755 200.36888927221298 203.77881944179535
 202.26309955120087 203.69086682796478 203.75022381544113
 209.24468994140625 202.24428445100784 200.13536460697651



# name: <cell-element>
# type: matrix
# rows: 4
# columns: 3
 209.51996743679047 202.78528451919556 203.02859306335449
 207.19062566757202 205.80140471458435 202.93571472167969
 204.39593195915222 202.78497457504272 202.75353938341141
 204.23576295375824 205.60587406158447 203.15384119749069





# name: x_initial
# type: cell
# rows: 1
# columns: 2
# name: <cell-element>
# type: matrix
# rows: 4
# columns: 3
 193.53652715682983 193.53652715682983 193.53652715682983
 193.53652715682983 193.53652715682983 193.53652715682983
 193.53652715682983 193.53652715682983 193.53652715682983
 193.53652715682983 193.53652715682983 193.53652715682983



# name: <cell-element>
# type: matrix
# rows: 4
# columns: 3
 193.66592168807983 193.66592168807983 193.66592168807983
 193.66592168807983 193.66592168807983 193.66592168807983
 193.66592168807983 193.66592168807983 193.66592168807983
 193.66592168807983 193.66592168807983 193.66592168807983





# name: x
# type: global cell
# rows: 1
# columns: 2
# name: <cell-element>
# type: matrix
# rows: 4
# columns: 3
 91.66680328350806 91.666825720945667 91.666821647442418
 91.666825059721106 91.666804151199202 91.666813098084162
 91.666794654762171 91.666822048760025 91.666829214994522
 91.66682534071532 91.666821112895022 91.666822064092699



# name: <cell-element>
# type: matrix
# rows: 4
# columns: 3
 96.666606588717812 96.666597234694436 96.666595753394674
 96.666598732307691 96.666605029990507 96.666598629140495
 96.666612975819262 96.666594028531506 96.666596003959256
 96.666596657667696 96.666595330267725 96.666594279579883





# name: w
# type: matrix
# rows: 32
# columns: 1
 4.5181602993628935
 4.518160536921199
 4.5181602052312559
 4.5181605399865852
 4.5181605441345454
 4.5181603088286009
 4.5181605040744071
 4.518160493864988
 4.5181604996964042
 4.5181604064308312
 4.5181605822513751
 4.5181605042416724
 0.24999999999968062
 0.25000000000004291
 0.24999999999979053
 0.250000000000486
 4.5712680128161942
 4.5712679315429323
 4.5712680788896964
 4.571267910081124
 4.5712679160503704
 4.5712679966914189
 4.5712678828831432
 4.57126789634939
 4.5712679007265686
 4.5712679304756847
 4.5712679033186179
 4.5712678854801974
 0.25000000000041134
 0.24999999999976877
 0.25000000000009653
 0.2499999999997233


# name: payoffs_history
# type: cell
# rows: 1
# columns: 2
# name: <cell-element>
# type: matrix
# rows: 1
# columns: 21
 -248971.07582581835 20384.500589877614 73584.003103999683 82170.754476650007 95452.126297248033 95988.798132262906 99577.477757815068 99611.019821548864 100524.95771851625 100527.0541072418 100756.42442952117 100756.55529784888 100814.17255575996 100814.18071633545 100828.52510270363 100828.52562957536 100831.53446299426 100831.53449607217 100833.45758554259 100833.45758994145 100833.40746914242



# name: <cell-element>
# type: matrix
# rows: 1
# columns: 21
 -237517.57745193908 82116.081849695111 157322.99984058988 120568.50030004217 122715.18648690201 114599.90780472069 114734.0756311624 112772.34054046174 112780.72599280672 112294.49796761239 112295.02203444259 112173.6513041806 112173.68427747159 112143.55941446342 112143.56144482781 112136.22599044934 112136.22610585723 112133.97723431361 112133.9772546911 112133.15861832944 112133.15861834593





# name: total_iter
# type: scalar
20


# name: opti
# type: cell
# rows: 1
# columns: 2
# name: <cell-element>
# type: matrix
# rows: 29
# columns: 1
 0
 0.24999999999968062
 0.25000000000004291
 0.24999999999979053
 0.250000000000486
 35.66680328350806
 35.666825059721106
 35.666794654762171
 35.66682534071532
 35.666825720945667
 35.666804151199202
 35.666822048760025
 35.666821112895022
 35.666821647442418
 35.666813098084162
 35.666829214994522
 35.666822064092699
 108.96407798129773
 109.99879246585644
 110.5963048964387
 117.57786460069093
 114.45679157050483
 108.70208512101378
 112.02404477920476
 110.57746333811282
 109.72065721079008
 112.11200634371119
 112.08339460044661
 108.46854254288381



# name: <cell-element>
# type: matrix
# rows: 29
# columns: 1
 0
 0.25000000000041134
 0.24999999999976877
 0.25000000000009653
 0.2499999999997233
 39.666606588717812
 39.666598732307691
 39.666612975819262
 39.666596657667696
 39.666597234694436
 39.666605029990507
 39.666594028531506
 39.666595330267725
 39.666595753394674
 39.666598629140495
 39.666596003959256
 39.666594279579883
 112.85336084807265
 110.52402693526433
 107.72931898333296
 107.56916629609054
 106.11868728450112
 109.13479968459384
 106.11838054651122
 108.93927873131675
 106.36199730995982
 106.26911609253919
 106.08694337945215
 106.48724691791081





