# Created by Octave 5.2.0, Sun Jun 21 15:41:54 2020 IST <nalin@nalinspc>
# name: N1
# type: global scalar
0


# name: N2
# type: global scalar
0


# name: N3
# type: global scalar
4


# name: M
# type: global scalar
3


# name: beta
# type: global matrix
# rows: 4
# columns: 3
 300 300 300
 300 300 300
 300 300 300
 300 300 300


# name: delta
# type: global matrix
# rows: 4
# columns: 3
 1 1 1
 1 1 1
 1 1 1
 1 1 1


# name: c
# type: global cell
# rows: 1
# columns: 2
# name: <cell-element>
# type: matrix
# rows: 4
# columns: 3
 20 20 20
 20 20 20
 20 20 20
 20 20 20



# name: <cell-element>
# type: matrix
# rows: 4
# columns: 3
 15 15 15
 15 15 15
 15 15 15
 15 15 15





# name: A_u
# type: global matrix
# rows: 0
# columns: 0


# name: A_v
# type: global matrix
# rows: 0
# columns: 0


# name: A_s
# type: global matrix
# rows: 0
# columns: 0


# name: b
# type: global matrix
# rows: 0
# columns: 0


# name: alpha
# type: global cell
# rows: 1
# columns: 2
# name: <cell-element>
# type: scalar
0.90000000000000002



# name: <cell-element>
# type: scalar
0.90000000000000002





# name: x_min
# type: global cell
# rows: 1
# columns: 2
# name: <cell-element>
# type: matrix
# rows: 4
# columns: 3
 56 56 56
 56 56 56
 56 56 56
 56 56 56



# name: <cell-element>
# type: matrix
# rows: 4
# columns: 3
 57 57 57
 57 57 57
 57 57 57
 57 57 57





# name: x_max
# type: global cell
# rows: 1
# columns: 2
# name: <cell-element>
# type: matrix
# rows: 4
# columns: 3
 200.63088126480579 206.1236172914505 201.3874788582325
 201.66561752557755 200.36888927221298 203.77881944179535
 202.26309955120087 203.69086682796478 203.75022381544113
 209.24468994140625 202.24428445100784 200.13536460697651



# name: <cell-element>
# type: matrix
# rows: 4
# columns: 3
 209.51996743679047 202.78528451919556 203.02859306335449
 207.19062566757202 205.80140471458435 202.93571472167969
 204.39593195915222 202.78497457504272 202.75353938341141
 204.23576295375824 205.60587406158447 203.15384119749069





# name: x_initial
# type: cell
# rows: 1
# columns: 2
# name: <cell-element>
# type: matrix
# rows: 4
# columns: 3
 53.536527156829834 53.536527156829834 53.536527156829834
 53.536527156829834 53.536527156829834 53.536527156829834
 53.536527156829834 53.536527156829834 53.536527156829834
 53.536527156829834 53.536527156829834 53.536527156829834



# name: <cell-element>
# type: matrix
# rows: 4
# columns: 3
 53.665921688079834 53.665921688079834 53.665921688079834
 53.665921688079834 53.665921688079834 53.665921688079834
 53.665921688079834 53.665921688079834 53.665921688079834
 53.665921688079834 53.665921688079834 53.665921688079834





# name: x
# type: global cell
# rows: 1
# columns: 2
# name: <cell-element>
# type: matrix
# rows: 4
# columns: 3
 91.666594356981321 91.666586728320112 91.666593510650841
 91.66659821191837 91.666585126906682 91.666603515247132
 91.666589785626044 91.666593132645176 91.666586686805303
 91.666586737596276 91.666592975192671 91.666595598618756



# name: <cell-element>
# type: matrix
# rows: 4
# columns: 3
 96.666693438789977 96.666709364037089 96.666689950922461
 96.666680145499669 96.666708565503114 96.6666781965029
 96.666708939334413 96.666711441363645 96.666691046126459
 96.666687247199945 96.666695311273287 96.666687244168074





# name: w
# type: matrix
# rows: 32
# columns: 1
 4.5181580201652194
 4.5181580622191104
 4.5181579702958485
 4.5181579370445863
 4.5181579369433917
 4.5181579194734116
 4.5181580068088145
 4.5181580050911494
 4.5181580109325159
 4.5181581200736476
 4.5181579364905025
 4.5181580337103657
 0.24999999999987843
 0.25000000000016165
 0.25000000000008021
 0.24999999999987976
 4.5712689112653715
 4.5712687737486037
 4.5712690716157738
 4.5712688472144558
 4.5712690760092478
 4.5712690677485552
 4.5712690974988233
 4.5712689306358829
 4.5712688751839927
 4.5712687535865708
 4.5712688865136863
 4.5712688471830916
 0.25000000000007072
 0.24999999999998956
 0.2499999999999237
 0.25000000000001593


# name: payoffs_history
# type: cell
# rows: 1
# columns: 2
# name: <cell-element>
# type: matrix
# rows: 1
# columns: 21
 111011.76948057822 153681.34501591913 109884.94451774289 113005.23962078404 103616.28085667537 103811.29959413086 101561.57142377662 101573.76004839786 101017.3736309368 101018.13496852235 100879.47475473104 100879.52233592798 100845.01234594233 100845.01536889012 100836.36893590492 100836.36910448332 100834.09803724159 100834.09804879187 100833.25196345149 100833.25196422098 100833.3020849762



# name: <cell-element>
# type: matrix
# rows: 1
# columns: 21
 114500.03347945736 76098.517160098447 88579.699820200156 105204.82488074544 105984.89899923145 110531.22190223458 110579.97642312065 111741.0440538245 111744.09178200988 112035.76821493299 112035.95855640761 112108.75147452044 112108.76330073048 112127.38338436015 112127.38416295624 112131.81400434449 112131.81405690691 112133.1076518819 112133.10765597569 112133.41971789228 112133.41971791878





# name: total_iter
# type: scalar
20


# name: opti
# type: cell
# rows: 1
# columns: 2
# name: <cell-element>
# type: matrix
# rows: 29
# columns: 1
 0
 0.24999999999987843
 0.25000000000016165
 0.25000000000008021
 0.24999999999987976
 35.666594356981321
 35.66659821191837
 35.666589785626044
 35.666586737596276
 35.666586728320112
 35.666585126906682
 35.666593132645176
 35.666592975192671
 35.666593510650841
 35.666603515247132
 35.666586686805303
 35.666595598618756
 108.96428690782447
 109.99901931365918
 110.59650976557482
 117.57810320380997
 114.45703056313039
 108.7023041453063
 112.02427369531961
 110.57769147581517
 109.72088534758166
 112.11221592654822
 112.08363712863583
 108.46876900835775



# name: <cell-element>
# type: matrix
# rows: 29
# columns: 1
 0
 0.25000000000007072
 0.24999999999998956
 0.2499999999999237
 0.25000000000001593
 39.666693438789977
 39.666680145499669
 39.666708939334413
 39.666687247199945
 39.666709364037089
 39.666708565503114
 39.666711441363645
 39.666695311273287
 39.666689950922461
 39.6666781965029
 39.666691046126459
 39.666687244168074
 112.85327399800049
 110.52394552207235
 107.72922301981781
 107.56907570655829
 106.11857515515847
 109.13469614908124
 106.11826313367908
 108.93917875031119
 106.36190311243203
 106.26903652517679
 106.08684833728495
 106.48715395332262





