# Created by Octave 5.2.0, Sun Jun 21 15:43:04 2020 IST <nalin@nalinspc>
# name: N1
# type: global scalar
0


# name: N2
# type: global scalar
0


# name: N3
# type: global scalar
4


# name: M
# type: global scalar
3


# name: beta
# type: global matrix
# rows: 4
# columns: 3
 300 300 300
 300 300 300
 300 300 300
 300 300 300


# name: delta
# type: global matrix
# rows: 4
# columns: 3
 1 1 1
 1 1 1
 1 1 1
 1 1 1


# name: c
# type: global cell
# rows: 1
# columns: 2
# name: <cell-element>
# type: matrix
# rows: 4
# columns: 3
 20 20 20
 20 20 20
 20 20 20
 20 20 20



# name: <cell-element>
# type: matrix
# rows: 4
# columns: 3
 15 15 15
 15 15 15
 15 15 15
 15 15 15





# name: A_u
# type: global matrix
# rows: 0
# columns: 0


# name: A_v
# type: global matrix
# rows: 0
# columns: 0


# name: A_s
# type: global matrix
# rows: 0
# columns: 0


# name: b
# type: global matrix
# rows: 0
# columns: 0


# name: alpha
# type: global cell
# rows: 1
# columns: 2
# name: <cell-element>
# type: scalar
0.90000000000000002



# name: <cell-element>
# type: scalar
0.90000000000000002





# name: x_min
# type: global cell
# rows: 1
# columns: 2
# name: <cell-element>
# type: matrix
# rows: 4
# columns: 3
 56 56 56
 56 56 56
 56 56 56
 56 56 56



# name: <cell-element>
# type: matrix
# rows: 4
# columns: 3
 57 57 57
 57 57 57
 57 57 57
 57 57 57





# name: x_max
# type: global cell
# rows: 1
# columns: 2
# name: <cell-element>
# type: matrix
# rows: 4
# columns: 3
 200.63088126480579 206.1236172914505 201.3874788582325
 201.66561752557755 200.36888927221298 203.77881944179535
 202.26309955120087 203.69086682796478 203.75022381544113
 209.24468994140625 202.24428445100784 200.13536460697651



# name: <cell-element>
# type: matrix
# rows: 4
# columns: 3
 209.51996743679047 202.78528451919556 203.02859306335449
 207.19062566757202 205.80140471458435 202.93571472167969
 204.39593195915222 202.78497457504272 202.75353938341141
 204.23576295375824 205.60587406158447 203.15384119749069





# name: x_initial
# type: cell
# rows: 1
# columns: 2
# name: <cell-element>
# type: matrix
# rows: 4
# columns: 3
 153.53652715682983 153.53652715682983 153.53652715682983
 153.53652715682983 153.53652715682983 153.53652715682983
 153.53652715682983 153.53652715682983 153.53652715682983
 153.53652715682983 153.53652715682983 153.53652715682983



# name: <cell-element>
# type: matrix
# rows: 4
# columns: 3
 153.66592168807983 153.66592168807983 153.66592168807983
 153.66592168807983 153.66592168807983 153.66592168807983
 153.66592168807983 153.66592168807983 153.66592168807983
 153.66592168807983 153.66592168807983 153.66592168807983





# name: x
# type: global cell
# rows: 1
# columns: 2
# name: <cell-element>
# type: matrix
# rows: 4
# columns: 3
 91.666742971183112 91.666756223157009 91.666747157369727
 91.66675338233631 91.666752547672473 91.666748781290053
 91.666762682802144 91.666744231514244 91.666747442449747
 91.666748396951277 91.666740337790287 91.666757486001146



# name: <cell-element>
# type: matrix
# rows: 4
# columns: 3
 96.666639104759184 96.666631095521439 96.666642634053133
 96.666634114718121 96.666631003793995 96.666642242435827
 96.666623713035378 96.666634944851907 96.666641011378701
 96.666632249511196 96.666640595429811 96.6666387103961





# name: w
# type: matrix
# rows: 32
# columns: 1
 4.5181596414110219
 4.5181597549871375
 4.5181598564466636
 4.5181597006011689
 4.518159785977879
 4.5181597458817224
 4.5181596551600771
 4.5181596126831236
 4.518159687078473
 4.5181597047939519
 4.5181596901884342
 4.518159799754347
 0.24999999999995826
 0.25000000000001393
 0.24999999999995565
 0.25000000000007222
 4.5712683491891886
 4.5712682975680581
 4.5712681899644014
 4.5712682782728074
 4.571268266334978
 4.571268265386073
 4.5712683061556518
 4.5712683646099235
 4.5712683856991356
 4.5712683816479212
 4.5712683689128442
 4.5712683451095693
 0.24999999999985806
 0.24999999999998243
 0.25000000000006267
 0.25000000000009692


# name: payoffs_history
# type: cell
# rows: 1
# columns: 2
# name: <cell-element>
# type: matrix
# rows: 1
# columns: 21
 -50118.834309704747 47880.898028767093 80285.165253063024 85767.710368599262 96610.046678380415 96952.705538795897 99834.621687828505 99856.038009017124 100587.22280105506 100588.56130246418 100771.8464499563 100771.92994876139 100817.58032422293 100817.58547329137 100829.4748896255 100829.47527102943 100832.48402214052 100832.48403773332 100833.43036669266 100833.43036743937 100833.36711979087



# name: <cell-element>
# type: matrix
# rows: 1
# columns: 21
 -40941.117185825635 125699.41361403497 147629.5895760649 119179.88211830924 120550.51803386711 114123.41484848676 114209.07959831125 112645.12952209098 112650.48357491651 112262.17978700723 112262.51441349319 112165.64830042588 112165.66935811844 112141.91040452519 112141.91175756576 112135.11474518111 112135.11483548558 112133.57362439223 112133.57362933972 112133.23650807771 112133.23650810267





# name: total_iter
# type: scalar
20


# name: opti
# type: cell
# rows: 1
# columns: 2
# name: <cell-element>
# type: matrix
# rows: 29
# columns: 1
 0
 0.24999999999995826
 0.25000000000001393
 0.24999999999995565
 0.25000000000007222
 35.666742971183112
 35.66675338233631
 35.666762682802144
 35.666748396951277
 35.666756223157009
 35.666752547672473
 35.666744231514244
 35.666740337790287
 35.666747157369727
 35.666748781290053
 35.666747442449747
 35.666757486001146
 108.96413829362268
 109.99886414324124
 110.59633686839872
 117.57794154445497
 114.45686106829349
 108.70213672454051
 112.02412259645054
 110.57754411321756
 109.72073170086277
 112.1120706605053
 112.08347637299138
 108.46860712097536



# name: <cell-element>
# type: matrix
# rows: 29
# columns: 1
 0
 0.24999999999985806
 0.24999999999998243
 0.25000000000006267
 0.25000000000009692
 39.666639104759184
 39.666634114718121
 39.666623713035378
 39.666632249511196
 39.666631095521439
 39.666631003793995
 39.666634944851907
 39.666640595429811
 39.666642634053133
 39.666642242435827
 39.666641011378701
 39.6666387103961
 112.85332833203128
 110.5239915528539
 107.72930824611684
 107.56913070424704
 106.11865342367412
 109.13477371079036
 106.11833963019082
 108.93923346615466
 106.36195042930136
 106.26907247924386
 106.08689837203271
 106.48720248709459





