# Created by Octave 5.2.0, Sun Jun 21 15:43:49 2020 IST <nalin@nalinspc>
# name: N1
# type: global scalar
0


# name: N2
# type: global scalar
0


# name: N3
# type: global scalar
4


# name: M
# type: global scalar
3


# name: beta
# type: global matrix
# rows: 4
# columns: 3
 300 300 300
 300 300 300
 300 300 300
 300 300 300


# name: delta
# type: global matrix
# rows: 4
# columns: 3
 1 1 1
 1 1 1
 1 1 1
 1 1 1


# name: c
# type: global cell
# rows: 1
# columns: 2
# name: <cell-element>
# type: matrix
# rows: 4
# columns: 3
 20 20 20
 20 20 20
 20 20 20
 20 20 20



# name: <cell-element>
# type: matrix
# rows: 4
# columns: 3
 15 15 15
 15 15 15
 15 15 15
 15 15 15





# name: A_u
# type: global matrix
# rows: 0
# columns: 0


# name: A_v
# type: global matrix
# rows: 0
# columns: 0


# name: A_s
# type: global matrix
# rows: 0
# columns: 0


# name: b
# type: global matrix
# rows: 0
# columns: 0


# name: alpha
# type: global cell
# rows: 1
# columns: 2
# name: <cell-element>
# type: scalar
0.90000000000000002



# name: <cell-element>
# type: scalar
0.90000000000000002





# name: x_min
# type: global cell
# rows: 1
# columns: 2
# name: <cell-element>
# type: matrix
# rows: 4
# columns: 3
 56 56 56
 56 56 56
 56 56 56
 56 56 56



# name: <cell-element>
# type: matrix
# rows: 4
# columns: 3
 57 57 57
 57 57 57
 57 57 57
 57 57 57





# name: x_max
# type: global cell
# rows: 1
# columns: 2
# name: <cell-element>
# type: matrix
# rows: 4
# columns: 3
 200.63088126480579 206.1236172914505 201.3874788582325
 201.66561752557755 200.36888927221298 203.77881944179535
 202.26309955120087 203.69086682796478 203.75022381544113
 209.24468994140625 202.24428445100784 200.13536460697651



# name: <cell-element>
# type: matrix
# rows: 4
# columns: 3
 209.51996743679047 202.78528451919556 203.02859306335449
 207.19062566757202 205.80140471458435 202.93571472167969
 204.39593195915222 202.78497457504272 202.75353938341141
 204.23576295375824 205.60587406158447 203.15384119749069





# name: x_initial
# type: cell
# rows: 1
# columns: 2
# name: <cell-element>
# type: matrix
# rows: 4
# columns: 3
 203.53652715682983 203.53652715682983 203.53652715682983
 203.53652715682983 203.53652715682983 203.53652715682983
 203.53652715682983 203.53652715682983 203.53652715682983
 203.53652715682983 203.53652715682983 203.53652715682983



# name: <cell-element>
# type: matrix
# rows: 4
# columns: 3
 203.66592168807983 203.66592168807983 203.66592168807983
 203.66592168807983 203.66592168807983 203.66592168807983
 203.66592168807983 203.66592168807983 203.66592168807983
 203.66592168807983 203.66592168807983 203.66592168807983





# name: x
# type: global cell
# rows: 1
# columns: 2
# name: <cell-element>
# type: matrix
# rows: 4
# columns: 3
 91.666767424765567 91.666780708200761 91.666780473162859
 91.666789432547816 91.666787647228475 91.666780266716046
 91.666818388121172 91.666775039101196 91.66680259477117
 91.66678741241607 91.666806512562687 91.666795052635493



# name: <cell-element>
# type: matrix
# rows: 4
# columns: 3
 96.666637923436269 96.666629035144737 96.666622231851377
 96.66661780834518 96.66663214921418 96.666615908751297
 96.666612402333186 96.666623627530612 96.666612478436235
 96.666616841470116 96.666621767641715 96.666613397974132





# name: w
# type: matrix
# rows: 32
# columns: 1
 4.5181599081771182
 4.5181601482617229
 4.518160464140232
 4.5181601262239512
 4.5181600530871506
 4.5181601287855377
 4.518159991242503
 4.5181603345888908
 4.5181600505231039
 4.5181600482709596
 4.5181602918494113
 4.5181602095716862
 0.25000000000108641
 0.25000000000095113
 0.2499999999996701
 0.24999999999829225
 4.5712683369686031
 4.5712681288813704
 4.5712680729570785
 4.5712681188792095
 4.571268245020728
 4.5712682772352515
 4.571268189079869
 4.5712681698396302
 4.5712681746418014
 4.5712681092303891
 4.5712680737443518
 4.5712680832568182
 0.25000000000015443
 0.24999999999974179
 0.25000000000022682
 0.24999999999987715


# name: payoffs_history
# type: cell
# rows: 1
# columns: 2
# name: <cell-element>
# type: matrix
# rows: 1
# columns: 21
 -310684.13620484638 13664.500589845728 73584.001255157797 82170.751775445111 95452.130729682511 95988.802836813396 99577.480171404095 99611.022134791521 100524.98580973825 100527.08230188908 100756.62114983991 100756.75217873551 100814.14141815582 100814.14958941547 100829.01103028933 100829.01158162177 100832.02039888887 100832.02042721554 100833.46319168087 100833.46319369729 100833.38323910651



# name: <cell-element>
# type: matrix
# rows: 1
# columns: 21
 -298661.69251846726 61916.260709952956 157322.99988518265 120568.49874492147 122715.18588463705 114599.90383731399 114734.07145471469 112772.33758079063 112780.72301627384 112294.46783829338 112294.9918420398 112173.69096087119 112173.72368931887 112143.47696136637 112143.4790084853 112135.81998111666 112135.82007909822 112133.7430534843 112133.74306497877 112133.19114129068 112133.19114132665





# name: total_iter
# type: scalar
20


# name: opti
# type: cell
# rows: 1
# columns: 2
# name: <cell-element>
# type: matrix
# rows: 29
# columns: 1
 2.2204460492503131e-16
 0.25000000000108641
 0.25000000000095113
 0.2499999999996701
 0.24999999999829225
 35.666767424765567
 35.666789432547816
 35.666818388121172
 35.66678741241607
 35.666780708200761
 35.666787647228475
 35.666775039101196
 35.666806512562687
 35.666780473162859
 35.666780266716046
 35.66680259477117
 35.666795052635493
 108.96411384004023
 109.99882809302973
 110.59628116307969
 117.57790252899018
 114.45683658324974
 108.70210162498451
 112.02409178886359
 110.57747793844516
 109.72069838506964
 112.1120391750793
 112.08342122066996
 108.46856955434102



# name: <cell-element>
# type: matrix
# rows: 29
# columns: 1
 -2.2204460492503131e-16
 0.25000000000015443
 0.24999999999974179
 0.25000000000022682
 0.24999999999987715
 39.666637923436269
 39.66661780834518
 39.666612402333186
 39.666616841470116
 39.666629035144737
 39.66663214921418
 39.666623627530612
 39.666621767641715
 39.666622231851377
 39.666615908751297
 39.666612478436235
 39.666613397974132
 112.8533295133542
 110.52400785922684
 107.72931955681904
 107.56914611228812
 106.11865548405082
 109.13477256537017
 106.11835094751211
 108.93925229394276
 106.36197083150311
 106.26909881292839
 106.08692690497517
 106.48722779951656





