# Created by Octave 5.2.0, Sun Jun 21 15:45:37 2020 IST <nalin@nalinspc>
# name: N1
# type: global scalar
0


# name: N2
# type: global scalar
0


# name: N3
# type: global scalar
4


# name: M
# type: global scalar
3


# name: beta
# type: global matrix
# rows: 4
# columns: 3
 300 300 300
 300 300 300
 300 300 300
 300 300 300


# name: delta
# type: global matrix
# rows: 4
# columns: 3
 1 1 1
 1 1 1
 1 1 1
 1 1 1


# name: c
# type: global cell
# rows: 1
# columns: 2
# name: <cell-element>
# type: matrix
# rows: 4
# columns: 3
 20 20 20
 20 20 20
 20 20 20
 20 20 20



# name: <cell-element>
# type: matrix
# rows: 4
# columns: 3
 15 15 15
 15 15 15
 15 15 15
 15 15 15





# name: A_u
# type: global cell
# rows: 1
# columns: 2
# name: <cell-element>
# type: matrix
# rows: 4
# columns: 3
 0.21849790215492249 0.25119432806968689 0.25776587128639222
 0.29547535777091982 0.24399213492870331 0.24289737343788148
 0.2968732595443726 0.28216945528984072 0.28334438800811768
 0.20155710000544788 0.24347410202026368 0.26258114576339719



# name: <cell-element>
# type: matrix
# rows: 4
# columns: 3
 0.25359262824058532 0.2268893748521805 0.20732535272836686
 0.20710484310984612 0.20332953333854675 0.21094121336936952
 0.24275120794773103 0.21525239795446396 0.23537687957286835
 0.24246200025081635 0.29935661554336546 0.24760217666625978





# name: A_v
# type: global cell
# rows: 1
# columns: 2
# name: <cell-element>
# type: cell
# rows: 1
# columns: 4
# name: <cell-element>
# type: matrix
# rows: 3
# columns: 3
 0.033037089201897026 0.030226456950461777 0.04100864791881207
 0.030226456950461777 0.054113267579388516 0.051757424915223713
 0.04100864791881207 0.051757424915223713 0.058629992630638554



# name: <cell-element>
# type: matrix
# rows: 3
# columns: 3
 0.047073497402518462 0.05145336666007503 0.031899979191968575
 0.05145336666007503 0.071765395238103769 0.037230741004036907
 0.031899979191968575 0.037230741004036907 0.033490308823018594



# name: <cell-element>
# type: matrix
# rows: 3
# columns: 3
 0.018572283652249666 0.0055520656980476571 0.029650883300714807
 0.0055520656980476571 0.0034594436212684481 0.0065283093193397685
 0.029650883300714807 0.0065283093193397685 0.05527075792448613



# name: <cell-element>
# type: matrix
# rows: 3
# columns: 3
 0.030834027127230039 0.041744649521288792 0.027326203077293398
 0.041744649521288792 0.068944087412891833 0.049382170365268249
 0.027326203077293398 0.049382170365268249 0.045646410445061868






# name: <cell-element>
# type: cell
# rows: 1
# columns: 4
# name: <cell-element>
# type: matrix
# rows: 3
# columns: 3
 0.0092502465316893559 0.0050374701597762604 0.023873439102862725
 0.0050374701597762604 0.0091843402842704536 0.020725470301269755
 0.023873439102862725 0.020725470301269755 0.092888519642716716



# name: <cell-element>
# type: matrix
# rows: 3
# columns: 3
 0.01715329300182937 0.021555328532827076 0.022282134493601159
 0.021555328532827076 0.060936594595456521 0.032090032175752299
 0.022282134493601159 0.032090032175752299 0.03127306163446978



# name: <cell-element>
# type: matrix
# rows: 3
# columns: 3
 0.053362640527297209 0.053551792047871298 0.041385292019899669
 0.053551792047871298 0.056359677243159358 0.040870984591449097
 0.041385292019899669 0.040870984591449097 0.035923046380431971



# name: <cell-element>
# type: matrix
# rows: 3
# columns: 3
 0.032613649313696452 0.035913803191646561 0.036964959774587351
 0.035913803191646561 0.049465925972531327 0.030902597965233199
 0.036964959774587351 0.030902597965233199 0.052134513092506052








# name: A_s
# type: global cell
# rows: 1
# columns: 2
# name: <cell-element>
# type: cell
# rows: 1
# columns: 4
# name: <cell-element>
# type: matrix
# rows: 3
# columns: 3
 0.11624020338058472 0.13907753229141234 0.013518296182155609
 0.12267957925796509 0.098124325275421143 0.17156516313552855
 0.15921366214752197 0.15198394060134887 0.10090532302856445



# name: <cell-element>
# type: matrix
# rows: 3
# columns: 3
 0.18915529251098634 0.040177220106124879 0.098384773731231695
 0.14772058725357057 0.11289607286453247 0.19286912679672241
 0.1325289249420166 0.1248432993888855 0.018453820049762724



# name: <cell-element>
# type: matrix
# rows: 3
# columns: 3
 0.037830415368080142 0.043990081548690795 0.12331267595291137
 0.052062535285949708 0.0087881587445735928 0.025917258858680726
 0.0081902027130126946 0.14176349639892577 0.18736805915832519



# name: <cell-element>
# type: matrix
# rows: 3
# columns: 3
 0.11659436225891114 0.12644872665405274 0.035362428426742552
 0.12344791889190673 0.17326555252075196 0.15389524698257445
 0.0041280176490545275 0.1802363634109497 0.11464825868606568






# name: <cell-element>
# type: cell
# rows: 1
# columns: 4
# name: <cell-element>
# type: matrix
# rows: 3
# columns: 3
 0.014777512848377227 0.089540243148803711 0.031849905848503113
 0.086371219158172613 0.041501185297966002 0.001415769848972559
 0.15503895282745361 0.1699102520942688 0.19995486736297607



# name: <cell-element>
# type: matrix
# rows: 3
# columns: 3
 0.018076163530349732 0.067758637666702273 0.11061334609985352
 0.1781946063041687 0.15564836263656617 0.070405000448226923
 0.064388626813888544 0.06376315355300903 0.15185989141464235



# name: <cell-element>
# type: matrix
# rows: 3
# columns: 3
 0.18117564916610718 0.022485317289829256 0.1415359854698181
 0.18863179683685302 0.070568770170211792 0.12568918466567994
 0.10213361978530884 0.025414815545082091 0.15762568712234498



# name: <cell-element>
# type: matrix
# rows: 3
# columns: 3
 0.094950562715530401 0.10001273155212402 0.11659971475601197
 0.16772102117538451 0.1350885510444641 0.055557793378829955
 0.031911581754684448 0.10729135274887085 0.19900937080383302








# name: b
# type: global cell
# rows: 1
# columns: 2
# name: <cell-element>
# type: matrix
# rows: 4
# columns: 1
 186.43689632415771
 170.28909206390381
 189.61484670639038
 188.32907915115356



# name: <cell-element>
# type: matrix
# rows: 4
# columns: 1
 173.81095886230469
 150.88565453886986
 167.46848821640015
 175.59020519256592





# name: alpha
# type: global cell
# rows: 1
# columns: 2
# name: <cell-element>
# type: scalar
0.90000000000000002



# name: <cell-element>
# type: scalar
0.90000000000000002





# name: x_min
# type: global cell
# rows: 1
# columns: 2
# name: <cell-element>
# type: matrix
# rows: 4
# columns: 3
 56 56 56
 56 56 56
 56 56 56
 56 56 56



# name: <cell-element>
# type: matrix
# rows: 4
# columns: 3
 57 57 57
 57 57 57
 57 57 57
 57 57 57





# name: x_max
# type: global cell
# rows: 1
# columns: 2
# name: <cell-element>
# type: matrix
# rows: 4
# columns: 3
 200.63088126480579 206.1236172914505 201.3874788582325
 201.66561752557755 200.36888927221298 203.77881944179535
 202.26309955120087 203.69086682796478 203.75022381544113
 209.24468994140625 202.24428445100784 200.13536460697651



# name: <cell-element>
# type: matrix
# rows: 4
# columns: 3
 209.51996743679047 202.78528451919556 203.02859306335449
 207.19062566757202 205.80140471458435 202.93571472167969
 204.39593195915222 202.78497457504272 202.75353938341141
 204.23576295375824 205.60587406158447 203.15384119749069





# name: x_initial
# type: cell
# rows: 1
# columns: 2
# name: <cell-element>
# type: matrix
# rows: 4
# columns: 3
 23.536527156829834 23.536527156829834 23.536527156829834
 23.536527156829834 23.536527156829834 23.536527156829834
 23.536527156829834 23.536527156829834 23.536527156829834
 23.536527156829834 23.536527156829834 23.536527156829834



# name: <cell-element>
# type: matrix
# rows: 4
# columns: 3
 23.665921688079834 23.665921688079834 23.665921688079834
 23.665921688079834 23.665921688079834 23.665921688079834
 23.665921688079834 23.665921688079834 23.665921688079834
 23.665921688079834 23.665921688079834 23.665921688079834





# name: x
# type: global cell
# rows: 1
# columns: 2
# name: <cell-element>
# type: matrix
# rows: 4
# columns: 3
 93.095341883299341 93.139795073979286 93.11824867369225
 93.671185915291716 93.664965016885148 93.674495498968483
 94.246504565475021 92.841184588475215 93.983139281960206
 93.574793125812846 93.93102612357184 93.842109211294115



# name: <cell-element>
# type: matrix
# rows: 4
# columns: 3
 93.809303890706687 93.720404911726433 93.763491198776705
 92.657704907157765 92.670065406658964 92.651022814403859
 91.506946626129206 94.317576571363105 92.033736212071773
 92.850370655580591 92.137966578010946 92.315775887180806





# name: w
# type: matrix
# rows: 32
# columns: 1
 4.5336241495543916
 4.5397906277076903
 4.5459137388019251
 4.5387610430032543
 4.5341015373583309
 4.5397242134210947
 4.5308903407870842
 4.5425607482901142
 4.5338701766079481
 4.5398259590123899
 4.5431153968405509
 4.5416136807688181
 0.2294507129648079
 0.49601010428823916
 0.10985714258399161
 0.1646820401629614
 4.5412640396935995
 4.528912110710861
 4.5164148888109912
 4.5309892797733058
 4.5403159340712183
 4.5290455014002173
 4.546667562211189
 4.5232870904343283
 4.5407755606173126
 4.5288399922214735
 4.5221552077890781
 4.5252150465914669
 0.17478372899848188
 0.27547971733308618
 0.27641339471094362
 0.27332315895748832


# name: payoffs_history
# type: cell
# rows: 1
# columns: 2
# name: <cell-element>
# type: matrix
# rows: 1
# columns: 40
 65750.950617663184 186294.36214212637 104625.70104496129 105478.82784265986 105068.91805743976 105099.75084480565 105062.32783062631 105063.98203720598 105057.44584288858 105057.53620532871 105055.95355961051 105055.95857645437 105055.8286783415 105055.82871077579 105055.75154147144 105055.75154943104 105055.67269930489 105055.67270594991 105055.63718137449 105055.6371820014 105055.60416089228 105055.60416200772 105055.57488099256 105055.57488168776 105055.54984924766 105055.54984987658 105055.5287346871 105055.52873516682 105055.51175782667 105055.51175820956 105055.49719789039 105055.4971982126 105055.48399178179 105055.48399207242 105055.47217214105 105055.47217236477 105055.45797901155 105055.45797916144 105055.44611518781 105055.44611530384



# name: <cell-element>
# type: matrix
# rows: 1
# columns: 40
 67532.378679042318 46009.099573548359 103635.55909643584 109531.9510314935 109665.56053854665 109812.55440304326 109819.67450188275 109835.72173717256 109836.10756334952 109839.35333856258 109839.3746361981 109840.19771368304 109840.19837987365 109840.4168606633 109840.41714612706 109840.22421401 109840.2244205802 109840.38574778012 109840.38582443114 109840.36283473443 109840.36289428634 109840.3993746374 109840.39942226191 109840.40121149452 109840.40125000617 109840.41379507699 109840.41382627314 109840.42302845855 109840.42305348575 109840.42676048123 109840.42678061637 109840.45711419669 109840.45712966566 109840.44010048089 109840.44011206218 109840.4587062299 109840.4587146495 109840.46457497159 109840.46458142388 109840.47106770991





# name: total_iter
# type: scalar
39


# name: opti
# type: cell
# rows: 1
# columns: 2
# name: <cell-element>
# type: matrix
# rows: 33
# columns: 1
 0
 0.2294507129648079
 0.49601010428823916
 0.10985714258399161
 0.1646820401629614
 37.095341883299341
 37.671185915291716
 38.246504565475021
 37.574793125812846
 37.139795073979286
 37.664965016885148
 36.841184588475215
 37.93102612357184
 37.11824867369225
 37.674495498968483
 37.983139281960206
 37.842109211294115
 107.53553938150645
 107.99443161028583
 108.01659498572585
 115.6698968155934
 112.98382221747121
 106.70392425532783
 110.84968223948957
 108.313258327436
 108.26923018454025
 110.10432394282687
 109.76708453348093
 106.29325539568239
 2.7007397179680765
 1.4091017431410791
 22.798934243782696
 1.2477207724196973



# name: <cell-element>
# type: matrix
# rows: 33
# columns: 1
 0
 0.17478372899848188
 0.27547971733308618
 0.27641339471094362
 0.27332315895748832
 36.809303890706687
 35.657704907157765
 34.506946626129206
 35.850370655580591
 36.720404911726433
 35.670065406658964
 37.317576571363105
 35.137966578010946
 36.763491198776705
 35.651022814403859
 35.033736212071773
 35.315775887180806
 115.71066354608378
 114.53292076041426
 112.88898533302302
 111.38539229817765
 109.06487960746912
 113.13133930792539
 108.46739800367962
 113.46790748357353
 109.26510186457779
 110.28469190727583
 110.71980317133963
 110.83806531030989
 -1.4224623612335563e-07
 -2.5538828936078062e-06
 -2.371169543380347e-06
 -4.41821924823671e-07





