# Created by Octave 5.2.0, Sun Jun 21 15:41:37 2020 IST <nalin@nalinspc>
# name: N1
# type: global scalar
0


# name: N2
# type: global scalar
0


# name: N3
# type: global scalar
4


# name: M
# type: global scalar
3


# name: beta
# type: global matrix
# rows: 4
# columns: 3
 300 300 300
 300 300 300
 300 300 300
 300 300 300


# name: delta
# type: global matrix
# rows: 4
# columns: 3
 1 1 1
 1 1 1
 1 1 1
 1 1 1


# name: c
# type: global cell
# rows: 1
# columns: 2
# name: <cell-element>
# type: matrix
# rows: 4
# columns: 3
 20 20 20
 20 20 20
 20 20 20
 20 20 20



# name: <cell-element>
# type: matrix
# rows: 4
# columns: 3
 15 15 15
 15 15 15
 15 15 15
 15 15 15





# name: A_u
# type: global matrix
# rows: 0
# columns: 0


# name: A_v
# type: global matrix
# rows: 0
# columns: 0


# name: A_s
# type: global matrix
# rows: 0
# columns: 0


# name: b
# type: global matrix
# rows: 0
# columns: 0


# name: alpha
# type: global cell
# rows: 1
# columns: 2
# name: <cell-element>
# type: scalar
0.90000000000000002



# name: <cell-element>
# type: scalar
0.90000000000000002





# name: x_min
# type: global cell
# rows: 1
# columns: 2
# name: <cell-element>
# type: matrix
# rows: 4
# columns: 3
 56 56 56
 56 56 56
 56 56 56
 56 56 56



# name: <cell-element>
# type: matrix
# rows: 4
# columns: 3
 57 57 57
 57 57 57
 57 57 57
 57 57 57





# name: x_max
# type: global cell
# rows: 1
# columns: 2
# name: <cell-element>
# type: matrix
# rows: 4
# columns: 3
 200.63088126480579 206.1236172914505 201.3874788582325
 201.66561752557755 200.36888927221298 203.77881944179535
 202.26309955120087 203.69086682796478 203.75022381544113
 209.24468994140625 202.24428445100784 200.13536460697651



# name: <cell-element>
# type: matrix
# rows: 4
# columns: 3
 209.51996743679047 202.78528451919556 203.02859306335449
 207.19062566757202 205.80140471458435 202.93571472167969
 204.39593195915222 202.78497457504272 202.75353938341141
 204.23576295375824 205.60587406158447 203.15384119749069





# name: x_initial
# type: cell
# rows: 1
# columns: 2
# name: <cell-element>
# type: matrix
# rows: 4
# columns: 3
 33.536527156829834 33.536527156829834 33.536527156829834
 33.536527156829834 33.536527156829834 33.536527156829834
 33.536527156829834 33.536527156829834 33.536527156829834
 33.536527156829834 33.536527156829834 33.536527156829834



# name: <cell-element>
# type: matrix
# rows: 4
# columns: 3
 33.665921688079834 33.665921688079834 33.665921688079834
 33.665921688079834 33.665921688079834 33.665921688079834
 33.665921688079834 33.665921688079834 33.665921688079834
 33.665921688079834 33.665921688079834 33.665921688079834





# name: x
# type: global cell
# rows: 1
# columns: 2
# name: <cell-element>
# type: matrix
# rows: 4
# columns: 3
 91.666544816341698 91.666567816151584 91.666556569851736
 91.666536535658111 91.666564768015576 91.666563846831977
 91.666540445439182 91.666569347742609 91.666551249700774
 91.666571066507629 91.6665466318006 91.666561180019102



# name: <cell-element>
# type: matrix
# rows: 4
# columns: 3
 96.66672373411329 96.666699453206107 96.666710693971851
 96.666731710484029 96.666696282960572 96.666696906157227
 96.666718337877001 96.666694049427079 96.666701711375197
 96.666688017765736 96.666711707706867 96.666690608034585





# name: w
# type: matrix
# rows: 32
# columns: 1
 4.5181574797213058
 4.5181573893864515
 4.5181574320386684
 4.518157766087092
 4.5181577306286247
 4.5181576973761954
 4.5181577473369083
 4.5181574995263381
 4.5181576079415775
 4.5181576873269087
 4.5181575499034956
 4.5181576582343714
 0.24999999999993358
 0.25000000000004924
 0.24999999999998626
 0.25000000000003103
 4.5712692246651319
 4.5712693071792598
 4.5712691688420293
 4.5712688551858243
 4.5712689734834502
 4.5712689406878173
 4.5712689175823051
 4.5712691002540966
 4.5712690897671875
 4.5712689471346772
 4.5712689968438118
 4.5712688819817027
 0.2500000000001491
 0.24999999999999781
 0.24999999999995653
 0.24999999999989658


# name: payoffs_history
# type: cell
# rows: 1
# columns: 2
# name: <cell-element>
# type: matrix
# rows: 1
# columns: 21
 85637.890238634878 182041.43441334955 112204.89987647464 118902.74552808015 104792.53174131061 105211.14754782533 101892.90400249383 101919.06746862672 101102.58802233462 101104.22323351134 100900.95608919566 100901.05892076786 100850.19898430194 100850.20539154189 100837.8046309239 100837.80504338912 100834.49195125997 100834.49197664327 100833.20793251427 100833.20793413882 100833.29087203919



# name: <cell-element>
# type: matrix
# rows: 1
# columns: 21
 87988.263612513983 51778.337840695705 78569.721170952747 101509.81150788206 103184.27306266896 109756.52958786002 109861.18340658292 111556.5745199271 111563.11541042206 111989.88523765295 111990.29338214072 112097.6091176396 112097.63469723973 112124.17440287824 112124.1759594489 112131.0215532609 112131.02166581379 112132.99308589498 112132.9930952595 112133.46148682901 112133.46148687365





# name: total_iter
# type: scalar
20


# name: opti
# type: cell
# rows: 1
# columns: 2
# name: <cell-element>
# type: matrix
# rows: 29
# columns: 1
 0
 0.24999999999993358
 0.25000000000004924
 0.24999999999998626
 0.25000000000003103
 35.666544816341698
 35.666536535658111
 35.666540445439182
 35.666571066507629
 35.666567816151584
 35.666564768015576
 35.666569347742609
 35.6665466318006
 35.666556569851736
 35.666563846831977
 35.666551249700774
 35.666561180019102
 108.9643364484641
 109.99908098991943
 110.59655910576168
 117.57811887489862
 114.45704947529892
 108.70232450419741
 112.02429748022217
 110.57773781920724
 109.72092228838076
 112.11225559496337
 112.08367256574036
 108.46880342695741



# name: <cell-element>
# type: matrix
# rows: 29
# columns: 1
 0
 0.2500000000001491
 0.24999999999999781
 0.24999999999995653
 0.24999999999989658
 39.66672373411329
 39.666731710484029
 39.666718337877001
 39.666688017765736
 39.666699453206107
 39.666696282960572
 39.666694049427079
 39.666711707706867
 39.666710693971851
 39.666696906157227
 39.666701711375197
 39.666690608034585
 112.85324370267718
 110.52389395708799
 107.72921362127522
 107.5690749359925
 106.11858506598945
 109.13470843162378
 106.11828052561565
 108.93916235387761
 106.36188236938264
 106.26901781552246
 106.08683767203621
 106.48715058945611





