# Created by Octave 5.2.0, Sun Jun 21 15:43:13 2020 IST <nalin@nalinspc>
# name: N1
# type: global scalar
0


# name: N2
# type: global scalar
0


# name: N3
# type: global scalar
4


# name: M
# type: global scalar
3


# name: beta
# type: global matrix
# rows: 4
# columns: 3
 300 300 300
 300 300 300
 300 300 300
 300 300 300


# name: delta
# type: global matrix
# rows: 4
# columns: 3
 1 1 1
 1 1 1
 1 1 1
 1 1 1


# name: c
# type: global cell
# rows: 1
# columns: 2
# name: <cell-element>
# type: matrix
# rows: 4
# columns: 3
 20 20 20
 20 20 20
 20 20 20
 20 20 20



# name: <cell-element>
# type: matrix
# rows: 4
# columns: 3
 15 15 15
 15 15 15
 15 15 15
 15 15 15





# name: A_u
# type: global matrix
# rows: 0
# columns: 0


# name: A_v
# type: global matrix
# rows: 0
# columns: 0


# name: A_s
# type: global matrix
# rows: 0
# columns: 0


# name: b
# type: global matrix
# rows: 0
# columns: 0


# name: alpha
# type: global cell
# rows: 1
# columns: 2
# name: <cell-element>
# type: scalar
0.90000000000000002



# name: <cell-element>
# type: scalar
0.90000000000000002





# name: x_min
# type: global cell
# rows: 1
# columns: 2
# name: <cell-element>
# type: matrix
# rows: 4
# columns: 3
 56 56 56
 56 56 56
 56 56 56
 56 56 56



# name: <cell-element>
# type: matrix
# rows: 4
# columns: 3
 57 57 57
 57 57 57
 57 57 57
 57 57 57





# name: x_max
# type: global cell
# rows: 1
# columns: 2
# name: <cell-element>
# type: matrix
# rows: 4
# columns: 3
 200.63088126480579 206.1236172914505 201.3874788582325
 201.66561752557755 200.36888927221298 203.77881944179535
 202.26309955120087 203.69086682796478 203.75022381544113
 209.24468994140625 202.24428445100784 200.13536460697651



# name: <cell-element>
# type: matrix
# rows: 4
# columns: 3
 209.51996743679047 202.78528451919556 203.02859306335449
 207.19062566757202 205.80140471458435 202.93571472167969
 204.39593195915222 202.78497457504272 202.75353938341141
 204.23576295375824 205.60587406158447 203.15384119749069





# name: x_initial
# type: cell
# rows: 1
# columns: 2
# name: <cell-element>
# type: matrix
# rows: 4
# columns: 3
 163.53652715682983 163.53652715682983 163.53652715682983
 163.53652715682983 163.53652715682983 163.53652715682983
 163.53652715682983 163.53652715682983 163.53652715682983
 163.53652715682983 163.53652715682983 163.53652715682983



# name: <cell-element>
# type: matrix
# rows: 4
# columns: 3
 163.66592168807983 163.66592168807983 163.66592168807983
 163.66592168807983 163.66592168807983 163.66592168807983
 163.66592168807983 163.66592168807983 163.66592168807983
 163.66592168807983 163.66592168807983 163.66592168807983





# name: x
# type: global cell
# rows: 1
# columns: 2
# name: <cell-element>
# type: matrix
# rows: 4
# columns: 3
 91.666819106068147 91.666813995803423 91.666811166355544
 91.666802252989356 91.666820064988485 91.666813299239308
 91.666824112766662 91.66680556585537 91.666808093815561
 91.666810726402602 91.666793995390293 91.666804739177437



# name: <cell-element>
# type: matrix
# rows: 4
# columns: 3
 96.666601653654325 96.666615454994187 96.66660953673545
 96.66661882978336 96.66662149622141 96.666608952453103
 96.666609865983204 96.666613298656671 96.666610215982033
 96.66661634331976 96.66661937395294 96.666611803693698





# name: w
# type: matrix
# rows: 32
# columns: 1
 4.5181604719723678
 4.518160288120888
 4.5181605265908047
 4.5181603805579824
 4.5181604162241165
 4.5181604824332995
 4.5181603242611903
 4.5181601980381183
 4.5181603853574615
 4.5181604086252474
 4.5181603518388957
 4.5181603152428993
 0.25000000000015699
 0.2499999999998401
 0.25000000000051492
 0.24999999999948805
 4.5712679617637804
 4.5712681394479775
 4.5712680467189601
 4.5712681137259272
 4.5712681045363475
 4.5712681670318327
 4.5712680822293956
 4.5712681450773207
 4.5712680433129469
 4.5712680372686432
 4.5712680503396399
 4.5712680667642527
 0.25000000000007783
 0.25000000000008155
 0.24999999999978076
 0.2500000000000599


# name: payoffs_history
# type: cell
# rows: 1
# columns: 2
# name: <cell-element>
# type: matrix
# rows: 1
# columns: 21
 -92631.894688733184 40600.853330051861 75675.187718457353 83250.208884839521 95806.298949092452 96279.737966950925 99655.482467722235 99685.072414758382 100543.94744160397 100545.79742369798 100761.29726069857 100761.41273417813 100815.5694910788 100815.57679764165 100828.76236523814 100828.76281619511 100831.77167895561 100831.77171330643 100833.47820922115 100833.4782122063 100833.39229084564



# name: <cell-element>
# type: matrix
# rows: 1
# columns: 21
 -82885.232252354035 124059.50525573558 154359.57987571383 120164.89183674555 122058.64563473454 114456.84803831548 114575.20776121921 112733.93673001771 112741.33420424617 112284.6423600828 112285.10423129477 112171.29437989913 112171.32321448262 112142.86200374136 112142.86374075025 112136.13053856105 112136.13064359111 112133.84000750066 112133.84002344788 112133.16637852816 112133.16637856892





# name: total_iter
# type: scalar
20


# name: opti
# type: cell
# rows: 1
# columns: 2
# name: <cell-element>
# type: matrix
# rows: 29
# columns: 1
 0
 0.25000000000015699
 0.2499999999998401
 0.25000000000051492
 0.24999999999948805
 35.666819106068147
 35.666802252989356
 35.666824112766662
 35.666810726402602
 35.666813995803423
 35.666820064988485
 35.66680556585537
 35.666793995390293
 35.666811166355544
 35.666813299239308
 35.666808093815561
 35.666804739177437
 108.96406215873765
 109.99881527258819
 110.5962754384342
 117.57787921500365
 114.45680329564708
 108.7020692072245
 112.02406126210941
 110.57749045561755
 109.72066769187695
 112.11200614255604
 112.08341572162557
 108.46855986779907



# name: <cell-element>
# type: matrix
# rows: 29
# columns: 1
 0
 0.25000000000007783
 0.25000000000008155
 0.24999999999978076
 0.2500000000000599
 39.666601653654325
 39.66661882978336
 39.666609865983204
 39.66661634331976
 39.666615454994187
 39.66662149622141
 39.666613298656671
 39.66661937395294
 39.66660953673545
 39.666608952453103
 39.666610215982033
 39.666611803693698
 112.85336578313614
 110.52400683778866
 107.72932209316902
 107.56914661043848
 106.11866906420137
 109.13478321836294
 106.11836127638605
 108.93925468763153
 106.36198352661904
 106.26910576922658
 106.08692916742937
 106.48722939379699





