# Created by Octave 5.2.0, Sun Jun 21 15:41:29 2020 IST <nalin@nalinspc>
# name: N1
# type: global scalar
0


# name: N2
# type: global scalar
0


# name: N3
# type: global scalar
4


# name: M
# type: global scalar
3


# name: beta
# type: global matrix
# rows: 4
# columns: 3
 300 300 300
 300 300 300
 300 300 300
 300 300 300


# name: delta
# type: global matrix
# rows: 4
# columns: 3
 1 1 1
 1 1 1
 1 1 1
 1 1 1


# name: c
# type: global cell
# rows: 1
# columns: 2
# name: <cell-element>
# type: matrix
# rows: 4
# columns: 3
 20 20 20
 20 20 20
 20 20 20
 20 20 20



# name: <cell-element>
# type: matrix
# rows: 4
# columns: 3
 15 15 15
 15 15 15
 15 15 15
 15 15 15





# name: A_u
# type: global matrix
# rows: 0
# columns: 0


# name: A_v
# type: global matrix
# rows: 0
# columns: 0


# name: A_s
# type: global matrix
# rows: 0
# columns: 0


# name: b
# type: global matrix
# rows: 0
# columns: 0


# name: alpha
# type: global cell
# rows: 1
# columns: 2
# name: <cell-element>
# type: scalar
0.90000000000000002



# name: <cell-element>
# type: scalar
0.90000000000000002





# name: x_min
# type: global cell
# rows: 1
# columns: 2
# name: <cell-element>
# type: matrix
# rows: 4
# columns: 3
 56 56 56
 56 56 56
 56 56 56
 56 56 56



# name: <cell-element>
# type: matrix
# rows: 4
# columns: 3
 57 57 57
 57 57 57
 57 57 57
 57 57 57





# name: x_max
# type: global cell
# rows: 1
# columns: 2
# name: <cell-element>
# type: matrix
# rows: 4
# columns: 3
 200.63088126480579 206.1236172914505 201.3874788582325
 201.66561752557755 200.36888927221298 203.77881944179535
 202.26309955120087 203.69086682796478 203.75022381544113
 209.24468994140625 202.24428445100784 200.13536460697651



# name: <cell-element>
# type: matrix
# rows: 4
# columns: 3
 209.51996743679047 202.78528451919556 203.02859306335449
 207.19062566757202 205.80140471458435 202.93571472167969
 204.39593195915222 202.78497457504272 202.75353938341141
 204.23576295375824 205.60587406158447 203.15384119749069





# name: x_initial
# type: cell
# rows: 1
# columns: 2
# name: <cell-element>
# type: matrix
# rows: 4
# columns: 3
 23.536527156829834 23.536527156829834 23.536527156829834
 23.536527156829834 23.536527156829834 23.536527156829834
 23.536527156829834 23.536527156829834 23.536527156829834
 23.536527156829834 23.536527156829834 23.536527156829834



# name: <cell-element>
# type: matrix
# rows: 4
# columns: 3
 23.665921688079834 23.665921688079834 23.665921688079834
 23.665921688079834 23.665921688079834 23.665921688079834
 23.665921688079834 23.665921688079834 23.665921688079834
 23.665921688079834 23.665921688079834 23.665921688079834





# name: x
# type: global cell
# rows: 1
# columns: 2
# name: <cell-element>
# type: matrix
# rows: 4
# columns: 3
 91.666529045889504 91.66652810992484 91.666542817955033
 91.666545344648881 91.666527767507134 91.666545419613698
 91.666533663290295 91.666532564025857 91.666547026962746
 91.666552197914925 91.666543877122493 91.666560041266791



# name: <cell-element>
# type: matrix
# rows: 4
# columns: 3
 96.66672876930798 96.666716110565929 96.666696748216935
 96.666717068180645 96.666736378509157 96.666706524897251
 96.666727501778183 96.66672666957264 96.666714493709335
 96.666711491380582 96.666712372715864 96.666678062938544





# name: w
# type: matrix
# rows: 32
# columns: 1
 4.5181573076797656
 4.5181574854846644
 4.5181573580514849
 4.5181575602476629
 4.5181572974692266
 4.5181572937337551
 4.5181573460594917
 4.5181574694752644
 4.5181574579206947
 4.5181574863024636
 4.5181575038372035
 4.5181576458116046
 0.24999999999999317
 0.24999999999995559
 0.25000000000004807
 0.25000000000000316
 4.5712692767533207
 4.5712691557072462
 4.5712692636409518
 4.5712690980162396
 4.5712691458008923
 4.5712693554691413
 4.5712692550319343
 4.5712691071334968
 4.5712689455008126
 4.5712690466388484
 4.571269129074798
 4.5712687522048707
 0.24999999999995093
 0.25000000000003486
 0.25000000000000006
 0.25000000000001416


# name: payoffs_history
# type: cell
# rows: 1
# columns: 2
# name: <cell-element>
# type: matrix
# rows: 1
# columns: 21
 65750.950617663184 197121.47911206464 112914.87901339262 121907.74957764341 105352.52834963633 105914.58283803391 102056.81178161752 102091.94012071766 101145.05635246812 101147.25191938388 100911.56523856975 100911.70222593218 100852.69898355965 100852.70771133414 100837.58979682194 100837.59035530823 100834.59532181555 100834.59535462933 100833.19794248152 100833.19794440488 100833.28088230264



# name: <cell-element>
# type: matrix
# rows: 1
# columns: 21
 67532.378679042318 37818.248440294665 73789.732155692342 99549.809223284363 101798.02804268769 109362.15554759974 109502.6689986829 111463.95317224268 111472.73529396634 111967.59235526268 111968.14154368616 112091.80440664678 112091.83855149688 112123.16602334 112123.16812088464 112130.74864183724 112130.74873199753 112132.96277175385 112132.96278279807 112133.47950529691 112133.47950535174





# name: total_iter
# type: scalar
20


# name: opti
# type: cell
# rows: 1
# columns: 2
# name: <cell-element>
# type: matrix
# rows: 29
# columns: 1
 0
 0.24999999999999317
 0.24999999999995559
 0.25000000000004807
 0.25000000000000316
 35.666529045889504
 35.666545344648881
 35.666533663290295
 35.666552197914925
 35.66652810992484
 35.666527767507134
 35.666532564025857
 35.666543877122493
 35.666542817955033
 35.666545419613698
 35.666547026962746
 35.666560041266791
 108.96435221891629
 109.99907218092866
 110.59656588791057
 117.57813774349133
 114.45708918152566
 108.70236150470585
 112.02433426393893
 110.57774057388535
 109.72093604027746
 112.11227402218165
 112.08367678847839
 108.46880456570972



# name: <cell-element>
# type: matrix
# rows: 29
# columns: 1
 0
 0.24999999999995093
 0.25000000000003486
 0.25000000000000006
 0.25000000000001416
 39.66672876930798
 39.666717068180645
 39.666727501778183
 39.666711491380582
 39.666716110565929
 39.666736378509157
 39.66672666957264
 39.666712372715864
 39.666696748216935
 39.666706524897251
 39.666714493709335
 39.666678062938544
 112.85323866748249
 110.52390859939138
 107.72920445737404
 107.56905146237766
 106.11856840862963
 109.13466833607519
 106.11824790547008
 108.93916168886861
 106.36189631513756
 106.26900819678244
 106.08682488970207
 106.48716313455215





