# Created by Octave 5.2.0, Sun Jun 21 15:48:21 2020 IST <nalin@nalinspc>
# name: N1
# type: global scalar
0


# name: N2
# type: global scalar
0


# name: N3
# type: global scalar
4


# name: M
# type: global scalar
3


# name: beta
# type: global matrix
# rows: 4
# columns: 3
 300 300 300
 300 300 300
 300 300 300
 300 300 300


# name: delta
# type: global matrix
# rows: 4
# columns: 3
 1 1 1
 1 1 1
 1 1 1
 1 1 1


# name: c
# type: global cell
# rows: 1
# columns: 2
# name: <cell-element>
# type: matrix
# rows: 4
# columns: 3
 20 20 20
 20 20 20
 20 20 20
 20 20 20



# name: <cell-element>
# type: matrix
# rows: 4
# columns: 3
 15 15 15
 15 15 15
 15 15 15
 15 15 15





# name: A_u
# type: global cell
# rows: 1
# columns: 2
# name: <cell-element>
# type: matrix
# rows: 4
# columns: 3
 0.21849790215492249 0.25119432806968689 0.25776587128639222
 0.29547535777091982 0.24399213492870331 0.24289737343788148
 0.2968732595443726 0.28216945528984072 0.28334438800811768
 0.20155710000544788 0.24347410202026368 0.26258114576339719



# name: <cell-element>
# type: matrix
# rows: 4
# columns: 3
 0.25359262824058532 0.2268893748521805 0.20732535272836686
 0.20710484310984612 0.20332953333854675 0.21094121336936952
 0.24275120794773103 0.21525239795446396 0.23537687957286835
 0.24246200025081635 0.29935661554336546 0.24760217666625978





# name: A_v
# type: global cell
# rows: 1
# columns: 2
# name: <cell-element>
# type: cell
# rows: 1
# columns: 4
# name: <cell-element>
# type: matrix
# rows: 3
# columns: 3
 0.033037089201897026 0.030226456950461777 0.04100864791881207
 0.030226456950461777 0.054113267579388516 0.051757424915223713
 0.04100864791881207 0.051757424915223713 0.058629992630638554



# name: <cell-element>
# type: matrix
# rows: 3
# columns: 3
 0.047073497402518462 0.05145336666007503 0.031899979191968575
 0.05145336666007503 0.071765395238103769 0.037230741004036907
 0.031899979191968575 0.037230741004036907 0.033490308823018594



# name: <cell-element>
# type: matrix
# rows: 3
# columns: 3
 0.018572283652249666 0.0055520656980476571 0.029650883300714807
 0.0055520656980476571 0.0034594436212684481 0.0065283093193397685
 0.029650883300714807 0.0065283093193397685 0.05527075792448613



# name: <cell-element>
# type: matrix
# rows: 3
# columns: 3
 0.030834027127230039 0.041744649521288792 0.027326203077293398
 0.041744649521288792 0.068944087412891833 0.049382170365268249
 0.027326203077293398 0.049382170365268249 0.045646410445061868






# name: <cell-element>
# type: cell
# rows: 1
# columns: 4
# name: <cell-element>
# type: matrix
# rows: 3
# columns: 3
 0.0092502465316893559 0.0050374701597762604 0.023873439102862725
 0.0050374701597762604 0.0091843402842704536 0.020725470301269755
 0.023873439102862725 0.020725470301269755 0.092888519642716716



# name: <cell-element>
# type: matrix
# rows: 3
# columns: 3
 0.01715329300182937 0.021555328532827076 0.022282134493601159
 0.021555328532827076 0.060936594595456521 0.032090032175752299
 0.022282134493601159 0.032090032175752299 0.03127306163446978



# name: <cell-element>
# type: matrix
# rows: 3
# columns: 3
 0.053362640527297209 0.053551792047871298 0.041385292019899669
 0.053551792047871298 0.056359677243159358 0.040870984591449097
 0.041385292019899669 0.040870984591449097 0.035923046380431971



# name: <cell-element>
# type: matrix
# rows: 3
# columns: 3
 0.032613649313696452 0.035913803191646561 0.036964959774587351
 0.035913803191646561 0.049465925972531327 0.030902597965233199
 0.036964959774587351 0.030902597965233199 0.052134513092506052








# name: A_s
# type: global cell
# rows: 1
# columns: 2
# name: <cell-element>
# type: cell
# rows: 1
# columns: 4
# name: <cell-element>
# type: matrix
# rows: 3
# columns: 3
 0.11624020338058472 0.13907753229141234 0.013518296182155609
 0.12267957925796509 0.098124325275421143 0.17156516313552855
 0.15921366214752197 0.15198394060134887 0.10090532302856445



# name: <cell-element>
# type: matrix
# rows: 3
# columns: 3
 0.18915529251098634 0.040177220106124879 0.098384773731231695
 0.14772058725357057 0.11289607286453247 0.19286912679672241
 0.1325289249420166 0.1248432993888855 0.018453820049762724



# name: <cell-element>
# type: matrix
# rows: 3
# columns: 3
 0.037830415368080142 0.043990081548690795 0.12331267595291137
 0.052062535285949708 0.0087881587445735928 0.025917258858680726
 0.0081902027130126946 0.14176349639892577 0.18736805915832519



# name: <cell-element>
# type: matrix
# rows: 3
# columns: 3
 0.11659436225891114 0.12644872665405274 0.035362428426742552
 0.12344791889190673 0.17326555252075196 0.15389524698257445
 0.0041280176490545275 0.1802363634109497 0.11464825868606568






# name: <cell-element>
# type: cell
# rows: 1
# columns: 4
# name: <cell-element>
# type: matrix
# rows: 3
# columns: 3
 0.014777512848377227 0.089540243148803711 0.031849905848503113
 0.086371219158172613 0.041501185297966002 0.001415769848972559
 0.15503895282745361 0.1699102520942688 0.19995486736297607



# name: <cell-element>
# type: matrix
# rows: 3
# columns: 3
 0.018076163530349732 0.067758637666702273 0.11061334609985352
 0.1781946063041687 0.15564836263656617 0.070405000448226923
 0.064388626813888544 0.06376315355300903 0.15185989141464235



# name: <cell-element>
# type: matrix
# rows: 3
# columns: 3
 0.18117564916610718 0.022485317289829256 0.1415359854698181
 0.18863179683685302 0.070568770170211792 0.12568918466567994
 0.10213361978530884 0.025414815545082091 0.15762568712234498



# name: <cell-element>
# type: matrix
# rows: 3
# columns: 3
 0.094950562715530401 0.10001273155212402 0.11659971475601197
 0.16772102117538451 0.1350885510444641 0.055557793378829955
 0.031911581754684448 0.10729135274887085 0.19900937080383302








# name: b
# type: global cell
# rows: 1
# columns: 2
# name: <cell-element>
# type: matrix
# rows: 4
# columns: 1
 186.43689632415771
 170.28909206390381
 189.61484670639038
 188.32907915115356



# name: <cell-element>
# type: matrix
# rows: 4
# columns: 1
 173.81095886230469
 150.88565453886986
 167.46848821640015
 175.59020519256592





# name: alpha
# type: global cell
# rows: 1
# columns: 2
# name: <cell-element>
# type: scalar
0.90000000000000002



# name: <cell-element>
# type: scalar
0.90000000000000002





# name: x_min
# type: global cell
# rows: 1
# columns: 2
# name: <cell-element>
# type: matrix
# rows: 4
# columns: 3
 56 56 56
 56 56 56
 56 56 56
 56 56 56



# name: <cell-element>
# type: matrix
# rows: 4
# columns: 3
 57 57 57
 57 57 57
 57 57 57
 57 57 57





# name: x_max
# type: global cell
# rows: 1
# columns: 2
# name: <cell-element>
# type: matrix
# rows: 4
# columns: 3
 200.63088126480579 206.1236172914505 201.3874788582325
 201.66561752557755 200.36888927221298 203.77881944179535
 202.26309955120087 203.69086682796478 203.75022381544113
 209.24468994140625 202.24428445100784 200.13536460697651



# name: <cell-element>
# type: matrix
# rows: 4
# columns: 3
 209.51996743679047 202.78528451919556 203.02859306335449
 207.19062566757202 205.80140471458435 202.93571472167969
 204.39593195915222 202.78497457504272 202.75353938341141
 204.23576295375824 205.60587406158447 203.15384119749069





# name: x_initial
# type: cell
# rows: 1
# columns: 2
# name: <cell-element>
# type: matrix
# rows: 4
# columns: 3
 83.536527156829834 83.536527156829834 83.536527156829834
 83.536527156829834 83.536527156829834 83.536527156829834
 83.536527156829834 83.536527156829834 83.536527156829834
 83.536527156829834 83.536527156829834 83.536527156829834



# name: <cell-element>
# type: matrix
# rows: 4
# columns: 3
 83.665921688079834 83.665921688079834 83.665921688079834
 83.665921688079834 83.665921688079834 83.665921688079834
 83.665921688079834 83.665921688079834 83.665921688079834
 83.665921688079834 83.665921688079834 83.665921688079834





# name: x
# type: global cell
# rows: 1
# columns: 2
# name: <cell-element>
# type: matrix
# rows: 4
# columns: 3
 93.095886295927386 93.140428114634304 93.118640646361897
 93.671266580871986 93.663993395390364 93.673715383516623
 94.24599062541337 92.841786539838211 93.98356767430198
 93.574588101172964 93.931455226766985 93.842196287660229



# name: <cell-element>
# type: matrix
# rows: 4
# columns: 3
 93.808203782167553 93.71913769168053 93.762695872485381
 92.657532081399452 92.672053450350305 92.652613058268045
 91.508015217155972 94.316340855031783 92.032856158977168
 92.850800733498659 92.13711517618674 92.315597920643214





# name: w
# type: matrix
# rows: 32
# columns: 1
 4.5336299974413556
 4.539791488864136
 4.5459082856398654
 4.5387588519766151
 4.5341083340074242
 4.5397138399956187
 4.5308968244334773
 4.5425653165593296
 4.5338743860067527
 4.5398176310390594
 4.5431199550130987
 4.5416146086712965
 0.23892616324940325
 0.54158141883460187
 0.032895484318191864
 0.18659693359780305
 4.5412523125520039
 4.5289102455025692
 4.5164265664466994
 4.530993911708741
 4.5403024126975708
 4.5290669540921762
 4.5466544604705454
 4.5232778498813886
 4.5407670783215464
 4.5288571558767545
 4.5221456454553239
 4.5252131187876063
 0.17476751156928641
 0.27550378677973925
 0.27641082068813333
 0.27331788096284104


# name: payoffs_history
# type: cell
# rows: 1
# columns: 2
# name: <cell-element>
# type: matrix
# rows: 1
# columns: 36
 113072.58834349323 115587.18160003787 105071.62030647324 105166.62382211938 105080.26891574435 105081.04617409632 105061.52407409037 105061.56709983869 105058.06990893773 105058.07124922512 105057.26230084168 105057.26237110826 105056.77517349395 105056.77521554436 105056.49443723079 105056.49444656556 105056.24157197964 105056.24157558895 105056.02385103017 105056.02385441712 105055.9349473184 105055.93494768093 105055.84837894332 105055.84837957378 105055.77767271848 105055.77767311412 105055.71967421909 105055.71967452648 105055.67301368134 105055.67301392906 105055.63505643385 105055.63505662757 105055.60482167162 105055.60482183969 105055.57478912237 105055.574789238



# name: <cell-element>
# type: matrix
# rows: 1
# columns: 36
 118267.6882798724 105439.56745379893 106779.64075239061 109779.72077634548 109783.0424969446 109826.8533674436 109827.03590350121 109837.23478852512 109837.2443391978 109839.08388978045 109839.08511630073 109839.08602251351 109839.08651001879 109839.63325198807 109839.63345383837 109839.99545146181 109839.99560512736 109840.02220358359 109840.02231374655 109840.18844517414 109840.1884871488 109840.21363647238 109840.21367175654 109840.26140083843 109840.26142819054 109840.30083541323 109840.30085675207 109840.32605172251 109840.32606870629 109840.35191171469 109840.35192549924 109840.37028110525 109840.37029236415 109840.3889895504 109840.38899742608 109840.40103763627





# name: total_iter
# type: scalar
35


# name: opti
# type: cell
# rows: 1
# columns: 2
# name: <cell-element>
# type: matrix
# rows: 33
# columns: 1
 0
 0.23892616324940325
 0.54158141883460187
 0.032895484318191864
 0.18659693359780305
 37.095886295927386
 37.671266580871986
 38.24599062541337
 37.574588101172964
 37.140428114634304
 37.663993395390364
 36.841786539838211
 37.931455226766985
 37.118640646361897
 37.673715383516623
 37.98356767430198
 37.842196287660229
 107.53499496887841
 107.99435094470556
 108.0171089257875
 115.67010184023329
 112.9831891768162
 106.70489587682262
 110.84908028812657
 108.31282922424086
 108.2688382118706
 110.10510405827873
 109.76665614113915
 106.29316831931628
 3.697485926364692
 3.8630244725577541
 6.6227351855715426
 4.1267131251305074



# name: <cell-element>
# type: matrix
# rows: 33
# columns: 1
 0
 0.17476751156928641
 0.27550378677973925
 0.27641082068813333
 0.27331788096284104
 36.808203782167553
 35.657532081399452
 34.508015217155972
 35.850800733498659
 36.71913769168053
 35.672053450350305
 37.316340855031783
 35.13711517618674
 36.762695872485381
 35.652613058268045
 35.032856158977168
 35.315597920643214
 115.71176365462291
 114.53309358617257
 112.88791674199625
 111.38496222025958
 109.06614682751503
 113.12935126423405
 108.46863372001094
 113.46875888539773
 109.26589719086911
 110.28310166341164
 110.72068322443424
 110.83824327684748
 -2.3359293805924608e-06
 -1.5872662828542161e-06
 -1.3952844142295362e-06
 -8.2023862546520832e-07





