# Created by Octave 5.2.0, Sun Jun 21 15:49:03 2020 IST <nalin@nalinspc>
# name: N1
# type: global scalar
0


# name: N2
# type: global scalar
0


# name: N3
# type: global scalar
4


# name: M
# type: global scalar
3


# name: beta
# type: global matrix
# rows: 4
# columns: 3
 300 300 300
 300 300 300
 300 300 300
 300 300 300


# name: delta
# type: global matrix
# rows: 4
# columns: 3
 1 1 1
 1 1 1
 1 1 1
 1 1 1


# name: c
# type: global cell
# rows: 1
# columns: 2
# name: <cell-element>
# type: matrix
# rows: 4
# columns: 3
 20 20 20
 20 20 20
 20 20 20
 20 20 20



# name: <cell-element>
# type: matrix
# rows: 4
# columns: 3
 15 15 15
 15 15 15
 15 15 15
 15 15 15





# name: A_u
# type: global cell
# rows: 1
# columns: 2
# name: <cell-element>
# type: matrix
# rows: 4
# columns: 3
 0.21849790215492249 0.25119432806968689 0.25776587128639222
 0.29547535777091982 0.24399213492870331 0.24289737343788148
 0.2968732595443726 0.28216945528984072 0.28334438800811768
 0.20155710000544788 0.24347410202026368 0.26258114576339719



# name: <cell-element>
# type: matrix
# rows: 4
# columns: 3
 0.25359262824058532 0.2268893748521805 0.20732535272836686
 0.20710484310984612 0.20332953333854675 0.21094121336936952
 0.24275120794773103 0.21525239795446396 0.23537687957286835
 0.24246200025081635 0.29935661554336546 0.24760217666625978





# name: A_v
# type: global cell
# rows: 1
# columns: 2
# name: <cell-element>
# type: cell
# rows: 1
# columns: 4
# name: <cell-element>
# type: matrix
# rows: 3
# columns: 3
 0.033037089201897026 0.030226456950461777 0.04100864791881207
 0.030226456950461777 0.054113267579388516 0.051757424915223713
 0.04100864791881207 0.051757424915223713 0.058629992630638554



# name: <cell-element>
# type: matrix
# rows: 3
# columns: 3
 0.047073497402518462 0.05145336666007503 0.031899979191968575
 0.05145336666007503 0.071765395238103769 0.037230741004036907
 0.031899979191968575 0.037230741004036907 0.033490308823018594



# name: <cell-element>
# type: matrix
# rows: 3
# columns: 3
 0.018572283652249666 0.0055520656980476571 0.029650883300714807
 0.0055520656980476571 0.0034594436212684481 0.0065283093193397685
 0.029650883300714807 0.0065283093193397685 0.05527075792448613



# name: <cell-element>
# type: matrix
# rows: 3
# columns: 3
 0.030834027127230039 0.041744649521288792 0.027326203077293398
 0.041744649521288792 0.068944087412891833 0.049382170365268249
 0.027326203077293398 0.049382170365268249 0.045646410445061868






# name: <cell-element>
# type: cell
# rows: 1
# columns: 4
# name: <cell-element>
# type: matrix
# rows: 3
# columns: 3
 0.0092502465316893559 0.0050374701597762604 0.023873439102862725
 0.0050374701597762604 0.0091843402842704536 0.020725470301269755
 0.023873439102862725 0.020725470301269755 0.092888519642716716



# name: <cell-element>
# type: matrix
# rows: 3
# columns: 3
 0.01715329300182937 0.021555328532827076 0.022282134493601159
 0.021555328532827076 0.060936594595456521 0.032090032175752299
 0.022282134493601159 0.032090032175752299 0.03127306163446978



# name: <cell-element>
# type: matrix
# rows: 3
# columns: 3
 0.053362640527297209 0.053551792047871298 0.041385292019899669
 0.053551792047871298 0.056359677243159358 0.040870984591449097
 0.041385292019899669 0.040870984591449097 0.035923046380431971



# name: <cell-element>
# type: matrix
# rows: 3
# columns: 3
 0.032613649313696452 0.035913803191646561 0.036964959774587351
 0.035913803191646561 0.049465925972531327 0.030902597965233199
 0.036964959774587351 0.030902597965233199 0.052134513092506052








# name: A_s
# type: global cell
# rows: 1
# columns: 2
# name: <cell-element>
# type: cell
# rows: 1
# columns: 4
# name: <cell-element>
# type: matrix
# rows: 3
# columns: 3
 0.11624020338058472 0.13907753229141234 0.013518296182155609
 0.12267957925796509 0.098124325275421143 0.17156516313552855
 0.15921366214752197 0.15198394060134887 0.10090532302856445



# name: <cell-element>
# type: matrix
# rows: 3
# columns: 3
 0.18915529251098634 0.040177220106124879 0.098384773731231695
 0.14772058725357057 0.11289607286453247 0.19286912679672241
 0.1325289249420166 0.1248432993888855 0.018453820049762724



# name: <cell-element>
# type: matrix
# rows: 3
# columns: 3
 0.037830415368080142 0.043990081548690795 0.12331267595291137
 0.052062535285949708 0.0087881587445735928 0.025917258858680726
 0.0081902027130126946 0.14176349639892577 0.18736805915832519



# name: <cell-element>
# type: matrix
# rows: 3
# columns: 3
 0.11659436225891114 0.12644872665405274 0.035362428426742552
 0.12344791889190673 0.17326555252075196 0.15389524698257445
 0.0041280176490545275 0.1802363634109497 0.11464825868606568






# name: <cell-element>
# type: cell
# rows: 1
# columns: 4
# name: <cell-element>
# type: matrix
# rows: 3
# columns: 3
 0.014777512848377227 0.089540243148803711 0.031849905848503113
 0.086371219158172613 0.041501185297966002 0.001415769848972559
 0.15503895282745361 0.1699102520942688 0.19995486736297607



# name: <cell-element>
# type: matrix
# rows: 3
# columns: 3
 0.018076163530349732 0.067758637666702273 0.11061334609985352
 0.1781946063041687 0.15564836263656617 0.070405000448226923
 0.064388626813888544 0.06376315355300903 0.15185989141464235



# name: <cell-element>
# type: matrix
# rows: 3
# columns: 3
 0.18117564916610718 0.022485317289829256 0.1415359854698181
 0.18863179683685302 0.070568770170211792 0.12568918466567994
 0.10213361978530884 0.025414815545082091 0.15762568712234498



# name: <cell-element>
# type: matrix
# rows: 3
# columns: 3
 0.094950562715530401 0.10001273155212402 0.11659971475601197
 0.16772102117538451 0.1350885510444641 0.055557793378829955
 0.031911581754684448 0.10729135274887085 0.19900937080383302








# name: b
# type: global cell
# rows: 1
# columns: 2
# name: <cell-element>
# type: matrix
# rows: 4
# columns: 1
 186.43689632415771
 170.28909206390381
 189.61484670639038
 188.32907915115356



# name: <cell-element>
# type: matrix
# rows: 4
# columns: 1
 173.81095886230469
 150.88565453886986
 167.46848821640015
 175.59020519256592





# name: alpha
# type: global cell
# rows: 1
# columns: 2
# name: <cell-element>
# type: scalar
0.90000000000000002



# name: <cell-element>
# type: scalar
0.90000000000000002





# name: x_min
# type: global cell
# rows: 1
# columns: 2
# name: <cell-element>
# type: matrix
# rows: 4
# columns: 3
 56 56 56
 56 56 56
 56 56 56
 56 56 56



# name: <cell-element>
# type: matrix
# rows: 4
# columns: 3
 57 57 57
 57 57 57
 57 57 57
 57 57 57





# name: x_max
# type: global cell
# rows: 1
# columns: 2
# name: <cell-element>
# type: matrix
# rows: 4
# columns: 3
 200.63088126480579 206.1236172914505 201.3874788582325
 201.66561752557755 200.36888927221298 203.77881944179535
 202.26309955120087 203.69086682796478 203.75022381544113
 209.24468994140625 202.24428445100784 200.13536460697651



# name: <cell-element>
# type: matrix
# rows: 4
# columns: 3
 209.51996743679047 202.78528451919556 203.02859306335449
 207.19062566757202 205.80140471458435 202.93571472167969
 204.39593195915222 202.78497457504272 202.75353938341141
 204.23576295375824 205.60587406158447 203.15384119749069





# name: x_initial
# type: cell
# rows: 1
# columns: 2
# name: <cell-element>
# type: matrix
# rows: 4
# columns: 3
 103.53652715682983 103.53652715682983 103.53652715682983
 103.53652715682983 103.53652715682983 103.53652715682983
 103.53652715682983 103.53652715682983 103.53652715682983
 103.53652715682983 103.53652715682983 103.53652715682983



# name: <cell-element>
# type: matrix
# rows: 4
# columns: 3
 103.66592168807983 103.66592168807983 103.66592168807983
 103.66592168807983 103.66592168807983 103.66592168807983
 103.66592168807983 103.66592168807983 103.66592168807983
 103.66592168807983 103.66592168807983 103.66592168807983





# name: x
# type: global cell
# rows: 1
# columns: 2
# name: <cell-element>
# type: matrix
# rows: 4
# columns: 3
 93.094314471986266 93.138897819221341 93.116978810302854
 93.672890958543604 93.665320857280449 93.675052572537538
 94.246671268536446 92.837989031511469 93.983652651139508
 93.573908752739968 93.932184174806139 93.842360127805819



# name: <cell-element>
# type: matrix
# rows: 4
# columns: 3
 93.811379165022231 93.722209766884561 93.766060869202491
 92.654211196040038 92.669342156170615 92.649887196449384
 91.506642063186689 94.324021356577788 92.032685628921115
 92.852179495694543 92.13560892337874 92.3152758043327





# name: w
# type: matrix
# rows: 32
# columns: 1
 4.5336131133740452
 4.5398088299725323
 4.545915507598707
 4.5387515919831403
 4.5340919038920013
 4.5397280124906754
 4.5308559205890431
 4.5425730769544916
 4.5338565394093733
 4.5398319059023056
 4.543120859179659
 4.5416163545810155
 0.21436909895099227
 0.51308297292700689
 0.072557689990635887
 0.19999023813136516
 4.5412861617142832
 4.5288744044349603
 4.5164115605013864
 4.5310087608209546
 4.5403351917534831
 4.5290376967946253
 4.5467358905681152
 4.5232615017993227
 4.5408029661157805
 4.5288277352071455
 4.522143792527781
 4.5252096294869926
 0.17481671668729962
 0.27544188529439395
 0.27642873888467645
 0.27331265913362979


# name: payoffs_history
# type: cell
# rows: 1
# columns: 2
# name: <cell-element>
# type: matrix
# rows: 1
# columns: 24
 90446.467585436563 93281.121522343106 104630.19756719505 104979.33250443047 105036.84835403829 105037.04423361286 105050.99453699039 105051.00575914638 105053.46878137797 105053.46913498722 105054.13875369483 105054.13877983627 105054.33968236532 105054.3396832518 105054.5346634384 105054.53466523823 105054.68527917858 105054.68528032833 105054.81784374177 105054.81784458872 105054.92818786117 105054.92818849529 105054.97515464015 105054.97515472198



# name: <cell-element>
# type: matrix
# rows: 1
# columns: 24
 96779.458146815727 115898.96516218524 115853.86759150468 109880.0718736181 109880.8942353224 109850.14143715243 109850.18824635264 109842.8087438138 109842.81126662198 109841.51195679806 109841.5123267767 109841.05832590203 109841.05841324554 109841.05592402461 109841.0559925171 109840.95819079468 109840.95823489418 109840.87637240882 109840.87640387521 109840.80597363134 109840.80599483875 109840.74336328276 109840.7433710607 109840.7191396057





# name: total_iter
# type: scalar
23


# name: opti
# type: cell
# rows: 1
# columns: 2
# name: <cell-element>
# type: matrix
# rows: 33
# columns: 1
 -2.2204460492503131e-16
 0.21436909895099227
 0.51308297292700689
 0.072557689990635887
 0.19999023813136516
 37.094314471986266
 37.672890958543604
 38.246671268536446
 37.573908752739968
 37.138897819221341
 37.665320857280449
 36.837989031511469
 37.932184174806139
 37.116978810302854
 37.675052572537538
 37.983652651139508
 37.842360127805819
 107.53656679281953
 107.99272656703394
 108.01642828266442
 115.67078118866628
 112.98471947222916
 106.70356841493253
 110.85287779645331
 108.3121002762017
 108.27050004792964
 110.10376686925781
 109.76657116430162
 106.29300447917069
 1.0395722976646198
 2.3473881759073549
 16.986300784934556
 5.7455413049066664



# name: <cell-element>
# type: matrix
# rows: 33
# columns: 1
 2.2204460492503131e-16
 0.17481671668729962
 0.27544188529439395
 0.27642873888467645
 0.27331265913362979
 36.811379165022231
 35.654211196040038
 34.506642063186689
 35.852179495694543
 36.722209766884561
 35.669342156170615
 37.324021356577788
 35.13560892337874
 36.766060869202491
 35.649887196449384
 35.032685628921115
 35.3152758043327
 115.70858827176824
 114.53641447153198
 112.88928989596553
 111.3835834580637
 109.063074752311
 113.13206255841374
 108.46095321846494
 113.47026513820573
 109.262532194152
 110.2858275252303
 110.72085375449029
 110.83856539315799
 -7.1509764154598088e-07
 -9.8462237474450376e-08
 -5.950506505314479e-07
 -2.6427851196331176e-07





