# Created by Octave 5.2.0, Sun Jun 21 15:46:34 2020 IST <nalin@nalinspc>
# name: N1
# type: global scalar
0


# name: N2
# type: global scalar
0


# name: N3
# type: global scalar
4


# name: M
# type: global scalar
3


# name: beta
# type: global matrix
# rows: 4
# columns: 3
 300 300 300
 300 300 300
 300 300 300
 300 300 300


# name: delta
# type: global matrix
# rows: 4
# columns: 3
 1 1 1
 1 1 1
 1 1 1
 1 1 1


# name: c
# type: global cell
# rows: 1
# columns: 2
# name: <cell-element>
# type: matrix
# rows: 4
# columns: 3
 20 20 20
 20 20 20
 20 20 20
 20 20 20



# name: <cell-element>
# type: matrix
# rows: 4
# columns: 3
 15 15 15
 15 15 15
 15 15 15
 15 15 15





# name: A_u
# type: global cell
# rows: 1
# columns: 2
# name: <cell-element>
# type: matrix
# rows: 4
# columns: 3
 0.21849790215492249 0.25119432806968689 0.25776587128639222
 0.29547535777091982 0.24399213492870331 0.24289737343788148
 0.2968732595443726 0.28216945528984072 0.28334438800811768
 0.20155710000544788 0.24347410202026368 0.26258114576339719



# name: <cell-element>
# type: matrix
# rows: 4
# columns: 3
 0.25359262824058532 0.2268893748521805 0.20732535272836686
 0.20710484310984612 0.20332953333854675 0.21094121336936952
 0.24275120794773103 0.21525239795446396 0.23537687957286835
 0.24246200025081635 0.29935661554336546 0.24760217666625978





# name: A_v
# type: global cell
# rows: 1
# columns: 2
# name: <cell-element>
# type: cell
# rows: 1
# columns: 4
# name: <cell-element>
# type: matrix
# rows: 3
# columns: 3
 0.033037089201897026 0.030226456950461777 0.04100864791881207
 0.030226456950461777 0.054113267579388516 0.051757424915223713
 0.04100864791881207 0.051757424915223713 0.058629992630638554



# name: <cell-element>
# type: matrix
# rows: 3
# columns: 3
 0.047073497402518462 0.05145336666007503 0.031899979191968575
 0.05145336666007503 0.071765395238103769 0.037230741004036907
 0.031899979191968575 0.037230741004036907 0.033490308823018594



# name: <cell-element>
# type: matrix
# rows: 3
# columns: 3
 0.018572283652249666 0.0055520656980476571 0.029650883300714807
 0.0055520656980476571 0.0034594436212684481 0.0065283093193397685
 0.029650883300714807 0.0065283093193397685 0.05527075792448613



# name: <cell-element>
# type: matrix
# rows: 3
# columns: 3
 0.030834027127230039 0.041744649521288792 0.027326203077293398
 0.041744649521288792 0.068944087412891833 0.049382170365268249
 0.027326203077293398 0.049382170365268249 0.045646410445061868






# name: <cell-element>
# type: cell
# rows: 1
# columns: 4
# name: <cell-element>
# type: matrix
# rows: 3
# columns: 3
 0.0092502465316893559 0.0050374701597762604 0.023873439102862725
 0.0050374701597762604 0.0091843402842704536 0.020725470301269755
 0.023873439102862725 0.020725470301269755 0.092888519642716716



# name: <cell-element>
# type: matrix
# rows: 3
# columns: 3
 0.01715329300182937 0.021555328532827076 0.022282134493601159
 0.021555328532827076 0.060936594595456521 0.032090032175752299
 0.022282134493601159 0.032090032175752299 0.03127306163446978



# name: <cell-element>
# type: matrix
# rows: 3
# columns: 3
 0.053362640527297209 0.053551792047871298 0.041385292019899669
 0.053551792047871298 0.056359677243159358 0.040870984591449097
 0.041385292019899669 0.040870984591449097 0.035923046380431971



# name: <cell-element>
# type: matrix
# rows: 3
# columns: 3
 0.032613649313696452 0.035913803191646561 0.036964959774587351
 0.035913803191646561 0.049465925972531327 0.030902597965233199
 0.036964959774587351 0.030902597965233199 0.052134513092506052








# name: A_s
# type: global cell
# rows: 1
# columns: 2
# name: <cell-element>
# type: cell
# rows: 1
# columns: 4
# name: <cell-element>
# type: matrix
# rows: 3
# columns: 3
 0.11624020338058472 0.13907753229141234 0.013518296182155609
 0.12267957925796509 0.098124325275421143 0.17156516313552855
 0.15921366214752197 0.15198394060134887 0.10090532302856445



# name: <cell-element>
# type: matrix
# rows: 3
# columns: 3
 0.18915529251098634 0.040177220106124879 0.098384773731231695
 0.14772058725357057 0.11289607286453247 0.19286912679672241
 0.1325289249420166 0.1248432993888855 0.018453820049762724



# name: <cell-element>
# type: matrix
# rows: 3
# columns: 3
 0.037830415368080142 0.043990081548690795 0.12331267595291137
 0.052062535285949708 0.0087881587445735928 0.025917258858680726
 0.0081902027130126946 0.14176349639892577 0.18736805915832519



# name: <cell-element>
# type: matrix
# rows: 3
# columns: 3
 0.11659436225891114 0.12644872665405274 0.035362428426742552
 0.12344791889190673 0.17326555252075196 0.15389524698257445
 0.0041280176490545275 0.1802363634109497 0.11464825868606568






# name: <cell-element>
# type: cell
# rows: 1
# columns: 4
# name: <cell-element>
# type: matrix
# rows: 3
# columns: 3
 0.014777512848377227 0.089540243148803711 0.031849905848503113
 0.086371219158172613 0.041501185297966002 0.001415769848972559
 0.15503895282745361 0.1699102520942688 0.19995486736297607



# name: <cell-element>
# type: matrix
# rows: 3
# columns: 3
 0.018076163530349732 0.067758637666702273 0.11061334609985352
 0.1781946063041687 0.15564836263656617 0.070405000448226923
 0.064388626813888544 0.06376315355300903 0.15185989141464235



# name: <cell-element>
# type: matrix
# rows: 3
# columns: 3
 0.18117564916610718 0.022485317289829256 0.1415359854698181
 0.18863179683685302 0.070568770170211792 0.12568918466567994
 0.10213361978530884 0.025414815545082091 0.15762568712234498



# name: <cell-element>
# type: matrix
# rows: 3
# columns: 3
 0.094950562715530401 0.10001273155212402 0.11659971475601197
 0.16772102117538451 0.1350885510444641 0.055557793378829955
 0.031911581754684448 0.10729135274887085 0.19900937080383302








# name: b
# type: global cell
# rows: 1
# columns: 2
# name: <cell-element>
# type: matrix
# rows: 4
# columns: 1
 186.43689632415771
 170.28909206390381
 189.61484670639038
 188.32907915115356



# name: <cell-element>
# type: matrix
# rows: 4
# columns: 1
 173.81095886230469
 150.88565453886986
 167.46848821640015
 175.59020519256592





# name: alpha
# type: global cell
# rows: 1
# columns: 2
# name: <cell-element>
# type: scalar
0.90000000000000002



# name: <cell-element>
# type: scalar
0.90000000000000002





# name: x_min
# type: global cell
# rows: 1
# columns: 2
# name: <cell-element>
# type: matrix
# rows: 4
# columns: 3
 56 56 56
 56 56 56
 56 56 56
 56 56 56



# name: <cell-element>
# type: matrix
# rows: 4
# columns: 3
 57 57 57
 57 57 57
 57 57 57
 57 57 57





# name: x_max
# type: global cell
# rows: 1
# columns: 2
# name: <cell-element>
# type: matrix
# rows: 4
# columns: 3
 200.63088126480579 206.1236172914505 201.3874788582325
 201.66561752557755 200.36888927221298 203.77881944179535
 202.26309955120087 203.69086682796478 203.75022381544113
 209.24468994140625 202.24428445100784 200.13536460697651



# name: <cell-element>
# type: matrix
# rows: 4
# columns: 3
 209.51996743679047 202.78528451919556 203.02859306335449
 207.19062566757202 205.80140471458435 202.93571472167969
 204.39593195915222 202.78497457504272 202.75353938341141
 204.23576295375824 205.60587406158447 203.15384119749069





# name: x_initial
# type: cell
# rows: 1
# columns: 2
# name: <cell-element>
# type: matrix
# rows: 4
# columns: 3
 43.536527156829834 43.536527156829834 43.536527156829834
 43.536527156829834 43.536527156829834 43.536527156829834
 43.536527156829834 43.536527156829834 43.536527156829834
 43.536527156829834 43.536527156829834 43.536527156829834



# name: <cell-element>
# type: matrix
# rows: 4
# columns: 3
 43.665921688079834 43.665921688079834 43.665921688079834
 43.665921688079834 43.665921688079834 43.665921688079834
 43.665921688079834 43.665921688079834 43.665921688079834
 43.665921688079834 43.665921688079834 43.665921688079834





# name: x
# type: global cell
# rows: 1
# columns: 2
# name: <cell-element>
# type: matrix
# rows: 4
# columns: 3
 93.09534530074626 93.139905068968233 93.118431904075322
 93.670568853461333 93.664722950625546 93.674330302944071
 94.246605956682941 92.841644696340353 93.983221600814957
 93.575006453266639 93.931237763226591 93.842016596255831



# name: <cell-element>
# type: matrix
# rows: 4
# columns: 3
 93.809296451191557 93.720192327180371 93.763123345645013
 92.658911201970454 92.670570284654559 92.651377690400622
 91.506767583306072 94.316692429039236 92.033552603606779
 92.849969419013846 92.137531201484791 92.315956775981263





# name: w
# type: matrix
# rows: 32
# columns: 1
 4.5336241862634985
 4.5397840401551059
 4.545914814610029
 4.5387633227540665
 4.5341027183242533
 4.5397216290335134
 4.5308952966342879
 4.5425630014265383
 4.5338721443232499
 4.5398241954996088
 4.5431162727297725
 4.5416126938442405
 0.22157512737002849
 0.51440520051431426
 0.027832421926080868
 0.23618725018957612
 4.5412639603889344
 4.5289251294550841
 4.5164129322054558
 4.5309849584396282
 4.5403136657841001
 4.5290509495092488
 4.546658188068001
 4.5232823651558034
 4.5407716374074516
 4.5288438224578416
 4.5221532127744704
 4.525217006046625
 0.17478069878687266
 0.27549433140438845
 0.27640660477044315
 0.27331836503829554


# name: payoffs_history
# type: cell
# rows: 1
# columns: 2
# name: <cell-element>
# type: matrix
# rows: 1
# columns: 38
 100724.82985960657 162521.59591111352 104778.79317860202 105379.04017465739 105076.91759097681 105095.76249505847 105062.86694714017 105063.86251307407 105057.46162983307 105057.51510773144 105056.3158794737 105056.31757091761 105056.07772287357 105056.07780631776 105055.91516843499 105055.91519119762 105055.81389846018 105055.81390565861 105055.70664017412 105055.70664568894 105055.67368454597 105055.67368591181 105055.64162796238 105055.64162940343 105055.60110621451 105055.60110684861 105055.56882286011 105055.56882340299 105055.54511725422 105055.54511776147 105055.52654319935 105055.52654366739 105055.51097184616 105055.51097221035 105055.49735242908 105055.49735272593 105055.48501631552 105055.48501651466



# name: <cell-element>
# type: matrix
# rows: 1
# columns: 38
 103644.14854598566 74711.450106124306 104190.15306002134 109617.43388073085 109699.73879089582 109816.4536447111 109820.77384559996 109835.88377019885 109836.11405201687 109839.37024337746 109839.38204809869 109840.0073856403 109840.0087848774 109840.18758269503 109840.18812795362 109840.18790683805 109840.18816569034 109840.32896341514 109840.32915007431 109840.37542123301 109840.37550234025 109840.33473982089 109840.334802378 109840.35832373584 109840.35836564249 109840.40110442819 109840.40113782964 109840.41960238789 109840.41962890452 109840.4255334109 109840.42555450756 109840.44026025156 109840.44027674958 109840.44172090043 109840.44173349696 109840.44205254273 109840.44206254506 109840.44715567588





# name: total_iter
# type: scalar
37


# name: opti
# type: cell
# rows: 1
# columns: 2
# name: <cell-element>
# type: matrix
# rows: 33
# columns: 1
 3.3306690738754696e-16
 0.22157512737002849
 0.51440520051431426
 0.027832421926080868
 0.23618725018957612
 37.09534530074626
 37.670568853461333
 38.246605956682941
 37.575006453266639
 37.139905068968233
 37.664722950625546
 36.841644696340353
 37.931237763226591
 37.118431904075322
 37.674330302944071
 37.983221600814957
 37.842016596255831
 107.53553596405953
 107.99504867211621
 108.01649359451793
 115.66968348813961
 112.98371222248227
 106.70416632158744
 110.84922213162443
 108.31304668778125
 108.26904695415718
 110.10448913885128
 109.76700221462617
 106.29334801072068
 1.844071830391556
 2.4214972644964661
 4.5403156090819152
 9.6976098787428242



# name: <cell-element>
# type: matrix
# rows: 33
# columns: 1
 2.2204460492503131e-16
 0.17478069878687266
 0.27549433140438845
 0.27640660477044315
 0.27331836503829554
 36.809296451191557
 35.658911201970454
 34.506767583306072
 35.849969419013846
 36.720192327180371
 35.670570284654559
 37.316692429039236
 35.137531201484791
 36.763123345645013
 35.651377690400622
 35.033552603606779
 35.315956775981263
 115.71067098559891
 114.53171446560157
 112.88916437584615
 111.38579353474439
 109.06509219201519
 113.13083442992979
 108.46828214600349
 113.46834286009968
 109.26546971770948
 110.28433703127907
 110.71998677980463
 110.83788442150943
 -7.4208118405749701e-07
 -2.17970696780867e-06
 -2.5220505079914801e-06
 -8.1011647523610009e-07





