# Created by Octave 5.2.0, Sun Jun 21 15:47:57 2020 IST <nalin@nalinspc>
# name: N1
# type: global scalar
0


# name: N2
# type: global scalar
0


# name: N3
# type: global scalar
4


# name: M
# type: global scalar
3


# name: beta
# type: global matrix
# rows: 4
# columns: 3
 300 300 300
 300 300 300
 300 300 300
 300 300 300


# name: delta
# type: global matrix
# rows: 4
# columns: 3
 1 1 1
 1 1 1
 1 1 1
 1 1 1


# name: c
# type: global cell
# rows: 1
# columns: 2
# name: <cell-element>
# type: matrix
# rows: 4
# columns: 3
 20 20 20
 20 20 20
 20 20 20
 20 20 20



# name: <cell-element>
# type: matrix
# rows: 4
# columns: 3
 15 15 15
 15 15 15
 15 15 15
 15 15 15





# name: A_u
# type: global cell
# rows: 1
# columns: 2
# name: <cell-element>
# type: matrix
# rows: 4
# columns: 3
 0.21849790215492249 0.25119432806968689 0.25776587128639222
 0.29547535777091982 0.24399213492870331 0.24289737343788148
 0.2968732595443726 0.28216945528984072 0.28334438800811768
 0.20155710000544788 0.24347410202026368 0.26258114576339719



# name: <cell-element>
# type: matrix
# rows: 4
# columns: 3
 0.25359262824058532 0.2268893748521805 0.20732535272836686
 0.20710484310984612 0.20332953333854675 0.21094121336936952
 0.24275120794773103 0.21525239795446396 0.23537687957286835
 0.24246200025081635 0.29935661554336546 0.24760217666625978





# name: A_v
# type: global cell
# rows: 1
# columns: 2
# name: <cell-element>
# type: cell
# rows: 1
# columns: 4
# name: <cell-element>
# type: matrix
# rows: 3
# columns: 3
 0.033037089201897026 0.030226456950461777 0.04100864791881207
 0.030226456950461777 0.054113267579388516 0.051757424915223713
 0.04100864791881207 0.051757424915223713 0.058629992630638554



# name: <cell-element>
# type: matrix
# rows: 3
# columns: 3
 0.047073497402518462 0.05145336666007503 0.031899979191968575
 0.05145336666007503 0.071765395238103769 0.037230741004036907
 0.031899979191968575 0.037230741004036907 0.033490308823018594



# name: <cell-element>
# type: matrix
# rows: 3
# columns: 3
 0.018572283652249666 0.0055520656980476571 0.029650883300714807
 0.0055520656980476571 0.0034594436212684481 0.0065283093193397685
 0.029650883300714807 0.0065283093193397685 0.05527075792448613



# name: <cell-element>
# type: matrix
# rows: 3
# columns: 3
 0.030834027127230039 0.041744649521288792 0.027326203077293398
 0.041744649521288792 0.068944087412891833 0.049382170365268249
 0.027326203077293398 0.049382170365268249 0.045646410445061868






# name: <cell-element>
# type: cell
# rows: 1
# columns: 4
# name: <cell-element>
# type: matrix
# rows: 3
# columns: 3
 0.0092502465316893559 0.0050374701597762604 0.023873439102862725
 0.0050374701597762604 0.0091843402842704536 0.020725470301269755
 0.023873439102862725 0.020725470301269755 0.092888519642716716



# name: <cell-element>
# type: matrix
# rows: 3
# columns: 3
 0.01715329300182937 0.021555328532827076 0.022282134493601159
 0.021555328532827076 0.060936594595456521 0.032090032175752299
 0.022282134493601159 0.032090032175752299 0.03127306163446978



# name: <cell-element>
# type: matrix
# rows: 3
# columns: 3
 0.053362640527297209 0.053551792047871298 0.041385292019899669
 0.053551792047871298 0.056359677243159358 0.040870984591449097
 0.041385292019899669 0.040870984591449097 0.035923046380431971



# name: <cell-element>
# type: matrix
# rows: 3
# columns: 3
 0.032613649313696452 0.035913803191646561 0.036964959774587351
 0.035913803191646561 0.049465925972531327 0.030902597965233199
 0.036964959774587351 0.030902597965233199 0.052134513092506052








# name: A_s
# type: global cell
# rows: 1
# columns: 2
# name: <cell-element>
# type: cell
# rows: 1
# columns: 4
# name: <cell-element>
# type: matrix
# rows: 3
# columns: 3
 0.11624020338058472 0.13907753229141234 0.013518296182155609
 0.12267957925796509 0.098124325275421143 0.17156516313552855
 0.15921366214752197 0.15198394060134887 0.10090532302856445



# name: <cell-element>
# type: matrix
# rows: 3
# columns: 3
 0.18915529251098634 0.040177220106124879 0.098384773731231695
 0.14772058725357057 0.11289607286453247 0.19286912679672241
 0.1325289249420166 0.1248432993888855 0.018453820049762724



# name: <cell-element>
# type: matrix
# rows: 3
# columns: 3
 0.037830415368080142 0.043990081548690795 0.12331267595291137
 0.052062535285949708 0.0087881587445735928 0.025917258858680726
 0.0081902027130126946 0.14176349639892577 0.18736805915832519



# name: <cell-element>
# type: matrix
# rows: 3
# columns: 3
 0.11659436225891114 0.12644872665405274 0.035362428426742552
 0.12344791889190673 0.17326555252075196 0.15389524698257445
 0.0041280176490545275 0.1802363634109497 0.11464825868606568






# name: <cell-element>
# type: cell
# rows: 1
# columns: 4
# name: <cell-element>
# type: matrix
# rows: 3
# columns: 3
 0.014777512848377227 0.089540243148803711 0.031849905848503113
 0.086371219158172613 0.041501185297966002 0.001415769848972559
 0.15503895282745361 0.1699102520942688 0.19995486736297607



# name: <cell-element>
# type: matrix
# rows: 3
# columns: 3
 0.018076163530349732 0.067758637666702273 0.11061334609985352
 0.1781946063041687 0.15564836263656617 0.070405000448226923
 0.064388626813888544 0.06376315355300903 0.15185989141464235



# name: <cell-element>
# type: matrix
# rows: 3
# columns: 3
 0.18117564916610718 0.022485317289829256 0.1415359854698181
 0.18863179683685302 0.070568770170211792 0.12568918466567994
 0.10213361978530884 0.025414815545082091 0.15762568712234498



# name: <cell-element>
# type: matrix
# rows: 3
# columns: 3
 0.094950562715530401 0.10001273155212402 0.11659971475601197
 0.16772102117538451 0.1350885510444641 0.055557793378829955
 0.031911581754684448 0.10729135274887085 0.19900937080383302








# name: b
# type: global cell
# rows: 1
# columns: 2
# name: <cell-element>
# type: matrix
# rows: 4
# columns: 1
 186.43689632415771
 170.28909206390381
 189.61484670639038
 188.32907915115356



# name: <cell-element>
# type: matrix
# rows: 4
# columns: 1
 173.81095886230469
 150.88565453886986
 167.46848821640015
 175.59020519256592





# name: alpha
# type: global cell
# rows: 1
# columns: 2
# name: <cell-element>
# type: scalar
0.90000000000000002



# name: <cell-element>
# type: scalar
0.90000000000000002





# name: x_min
# type: global cell
# rows: 1
# columns: 2
# name: <cell-element>
# type: matrix
# rows: 4
# columns: 3
 56 56 56
 56 56 56
 56 56 56
 56 56 56



# name: <cell-element>
# type: matrix
# rows: 4
# columns: 3
 57 57 57
 57 57 57
 57 57 57
 57 57 57





# name: x_max
# type: global cell
# rows: 1
# columns: 2
# name: <cell-element>
# type: matrix
# rows: 4
# columns: 3
 200.63088126480579 206.1236172914505 201.3874788582325
 201.66561752557755 200.36888927221298 203.77881944179535
 202.26309955120087 203.69086682796478 203.75022381544113
 209.24468994140625 202.24428445100784 200.13536460697651



# name: <cell-element>
# type: matrix
# rows: 4
# columns: 3
 209.51996743679047 202.78528451919556 203.02859306335449
 207.19062566757202 205.80140471458435 202.93571472167969
 204.39593195915222 202.78497457504272 202.75353938341141
 204.23576295375824 205.60587406158447 203.15384119749069





# name: x_initial
# type: cell
# rows: 1
# columns: 2
# name: <cell-element>
# type: matrix
# rows: 4
# columns: 3
 73.536527156829834 73.536527156829834 73.536527156829834
 73.536527156829834 73.536527156829834 73.536527156829834
 73.536527156829834 73.536527156829834 73.536527156829834
 73.536527156829834 73.536527156829834 73.536527156829834



# name: <cell-element>
# type: matrix
# rows: 4
# columns: 3
 73.665921688079834 73.665921688079834 73.665921688079834
 73.665921688079834 73.665921688079834 73.665921688079834
 73.665921688079834 73.665921688079834 73.665921688079834
 73.665921688079834 73.665921688079834 73.665921688079834





# name: x
# type: global cell
# rows: 1
# columns: 2
# name: <cell-element>
# type: matrix
# rows: 4
# columns: 3
 93.095612341324497 93.140210741923013 93.118477963632756
 93.670427214599613 93.664471469720326 93.674175748983828
 94.246307598373349 92.841790117603082 93.983649254262644
 93.57470846861203 93.931231637635634 93.842249053432013



# name: <cell-element>
# type: matrix
# rows: 4
# columns: 3
 93.808778341318913 93.719575004358006 93.763026897162703
 92.659244469253792 92.67109401130665 92.651677662557859
 91.507384073616606 94.316326878628615 92.032702775867222
 92.850559608668263 92.137585292695562 92.315504049591112





# name: w
# type: matrix
# rows: 32
# columns: 1
 4.5336270547226505
 4.5397825280582911
 4.5459116488856104
 4.5387601383019316
 4.5341060001877356
 4.5397189441246715
 4.5308968629696249
 4.5425629362129705
 4.5338726389572885
 4.53982254559096
 4.5431208230363849
 4.5416151709530741
 0.21601015008005967
 0.54820406225586038
 0.075687138203867452
 0.16009864946021238
 4.5412584373616545
 4.5289287261591644
 4.5164196692834899
 4.5309913147990581
 4.5403070788913489
 4.5290566009816695
 4.5466543122840903
 4.5232829522259603
 4.5407706087671027
 4.5288470600963864
 4.5221439788414193
 4.5252121019377789
 0.17477439146592508
 0.27550252861633218
 0.27640377922128712
 0.27331930069645566


# name: payoffs_history
# type: cell
# rows: 1
# columns: 2
# name: <cell-element>
# type: matrix
# rows: 1
# columns: 30
 117185.6487225216 127204.1535224832 104999.74071959466 105211.70731271754 105082.38986245952 105086.09714252189 105062.47729680267 105062.67295416846 105057.19130643406 105057.20178847469 105056.1638284768 105056.16414349191 105055.93123893338 105055.93125447899 105055.77512447455 105055.77512856043 105055.71837119129 105055.71837171922 105055.6730207722 105055.67302147116 105055.63460153123 105055.63460193021 105055.60289736615 105055.60289770908 105055.57661247721 105055.5766127411 105055.55498239415 105055.55498260693 105055.52924014349 105055.52924029141



# name: <cell-element>
# type: matrix
# rows: 1
# columns: 30
 121811.80334640073 100853.4398408164 105763.06767227408 109747.75498917163 109763.97028715578 109823.76296400408 109824.61301847731 109836.62811172353 109836.67331109571 109839.54101751708 109839.54330238249 109840.089854878 109840.09013449917 109840.21922892806 109840.21932584657 109840.3487756489 109840.34881751047 109840.30818561479 109840.30821924479 109840.34522425644 109840.34525147159 109840.366032338 109840.36605358822 109840.38400030116 109840.38401709244 109840.4013165779 109840.40132999423 109840.4111509997 109840.41116066663 109840.42083510169





# name: total_iter
# type: scalar
29


# name: opti
# type: cell
# rows: 1
# columns: 2
# name: <cell-element>
# type: matrix
# rows: 33
# columns: 1
 2.2204460492503131e-16
 0.21601015008005967
 0.54820406225586038
 0.075687138203867452
 0.16009864946021238
 37.095612341324497
 37.670427214599613
 38.246307598373349
 37.57470846861203
 37.140210741923013
 37.664471469720326
 36.841790117603082
 37.931231637635634
 37.118477963632756
 37.674175748983828
 37.983649254262644
 37.842249053432013
 107.5352689234813
 107.99519031097793
 108.01679195282752
 115.66998147279422
 112.98340654952749
 106.70441780249266
 110.8490767103617
 108.31305281337221
 108.26900089459974
 110.10464369281152
 109.76657456117849
 106.2931155535445
 1.2226078496873498
 4.2053070474441228
 17.562938207032744
 0.60375704802088137



# name: <cell-element>
# type: matrix
# rows: 33
# columns: 1
 0
 0.17477439146592508
 0.27550252861633218
 0.27640377922128712
 0.27331930069645566
 36.808778341318913
 35.659244469253792
 34.507384073616606
 35.850559608668263
 36.719575004358006
 35.67109401130665
 37.316326878628615
 35.137585292695562
 36.763026897162703
 35.651677662557859
 35.032702775867222
 35.315504049591112
 115.71118909547155
 114.53138119831823
 112.88854788553562
 111.38520334508998
 109.06570951483755
 113.1303107032777
 108.46864769641411
 113.46828876888891
 109.26556616619179
 110.28403705912183
 110.72083660754419
 110.83833714789958
 -1.5967574995556788e-07
 -5.0685514452197822e-07
 -5.473458628557637e-07
 -2.6151957399633829e-07





