# Created by Octave 5.2.0, Sun Jun 21 15:53:26 2020 IST <nalin@nalinspc>
# name: N1
# type: global scalar
0


# name: N2
# type: global scalar
0


# name: N3
# type: global scalar
4


# name: M
# type: global scalar
3


# name: beta
# type: global matrix
# rows: 4
# columns: 3
 300 300 300
 300 300 300
 300 300 300
 300 300 300


# name: delta
# type: global matrix
# rows: 4
# columns: 3
 1 1 1
 1 1 1
 1 1 1
 1 1 1


# name: c
# type: global cell
# rows: 1
# columns: 2
# name: <cell-element>
# type: matrix
# rows: 4
# columns: 3
 20 20 20
 20 20 20
 20 20 20
 20 20 20



# name: <cell-element>
# type: matrix
# rows: 4
# columns: 3
 15 15 15
 15 15 15
 15 15 15
 15 15 15





# name: A_u
# type: global cell
# rows: 1
# columns: 2
# name: <cell-element>
# type: matrix
# rows: 4
# columns: 3
 0.21849790215492249 0.25119432806968689 0.25776587128639222
 0.29547535777091982 0.24399213492870331 0.24289737343788148
 0.2968732595443726 0.28216945528984072 0.28334438800811768
 0.20155710000544788 0.24347410202026368 0.26258114576339719



# name: <cell-element>
# type: matrix
# rows: 4
# columns: 3
 0.25359262824058532 0.2268893748521805 0.20732535272836686
 0.20710484310984612 0.20332953333854675 0.21094121336936952
 0.24275120794773103 0.21525239795446396 0.23537687957286835
 0.24246200025081635 0.29935661554336546 0.24760217666625978





# name: A_v
# type: global cell
# rows: 1
# columns: 2
# name: <cell-element>
# type: cell
# rows: 1
# columns: 4
# name: <cell-element>
# type: matrix
# rows: 3
# columns: 3
 0.033037089201897026 0.030226456950461777 0.04100864791881207
 0.030226456950461777 0.054113267579388516 0.051757424915223713
 0.04100864791881207 0.051757424915223713 0.058629992630638554



# name: <cell-element>
# type: matrix
# rows: 3
# columns: 3
 0.047073497402518462 0.05145336666007503 0.031899979191968575
 0.05145336666007503 0.071765395238103769 0.037230741004036907
 0.031899979191968575 0.037230741004036907 0.033490308823018594



# name: <cell-element>
# type: matrix
# rows: 3
# columns: 3
 0.018572283652249666 0.0055520656980476571 0.029650883300714807
 0.0055520656980476571 0.0034594436212684481 0.0065283093193397685
 0.029650883300714807 0.0065283093193397685 0.05527075792448613



# name: <cell-element>
# type: matrix
# rows: 3
# columns: 3
 0.030834027127230039 0.041744649521288792 0.027326203077293398
 0.041744649521288792 0.068944087412891833 0.049382170365268249
 0.027326203077293398 0.049382170365268249 0.045646410445061868






# name: <cell-element>
# type: cell
# rows: 1
# columns: 4
# name: <cell-element>
# type: matrix
# rows: 3
# columns: 3
 0.0092502465316893559 0.0050374701597762604 0.023873439102862725
 0.0050374701597762604 0.0091843402842704536 0.020725470301269755
 0.023873439102862725 0.020725470301269755 0.092888519642716716



# name: <cell-element>
# type: matrix
# rows: 3
# columns: 3
 0.01715329300182937 0.021555328532827076 0.022282134493601159
 0.021555328532827076 0.060936594595456521 0.032090032175752299
 0.022282134493601159 0.032090032175752299 0.03127306163446978



# name: <cell-element>
# type: matrix
# rows: 3
# columns: 3
 0.053362640527297209 0.053551792047871298 0.041385292019899669
 0.053551792047871298 0.056359677243159358 0.040870984591449097
 0.041385292019899669 0.040870984591449097 0.035923046380431971



# name: <cell-element>
# type: matrix
# rows: 3
# columns: 3
 0.032613649313696452 0.035913803191646561 0.036964959774587351
 0.035913803191646561 0.049465925972531327 0.030902597965233199
 0.036964959774587351 0.030902597965233199 0.052134513092506052








# name: A_s
# type: global cell
# rows: 1
# columns: 2
# name: <cell-element>
# type: cell
# rows: 1
# columns: 4
# name: <cell-element>
# type: matrix
# rows: 3
# columns: 3
 0.11624020338058472 0.13907753229141234 0.013518296182155609
 0.12267957925796509 0.098124325275421143 0.17156516313552855
 0.15921366214752197 0.15198394060134887 0.10090532302856445



# name: <cell-element>
# type: matrix
# rows: 3
# columns: 3
 0.18915529251098634 0.040177220106124879 0.098384773731231695
 0.14772058725357057 0.11289607286453247 0.19286912679672241
 0.1325289249420166 0.1248432993888855 0.018453820049762724



# name: <cell-element>
# type: matrix
# rows: 3
# columns: 3
 0.037830415368080142 0.043990081548690795 0.12331267595291137
 0.052062535285949708 0.0087881587445735928 0.025917258858680726
 0.0081902027130126946 0.14176349639892577 0.18736805915832519



# name: <cell-element>
# type: matrix
# rows: 3
# columns: 3
 0.11659436225891114 0.12644872665405274 0.035362428426742552
 0.12344791889190673 0.17326555252075196 0.15389524698257445
 0.0041280176490545275 0.1802363634109497 0.11464825868606568






# name: <cell-element>
# type: cell
# rows: 1
# columns: 4
# name: <cell-element>
# type: matrix
# rows: 3
# columns: 3
 0.014777512848377227 0.089540243148803711 0.031849905848503113
 0.086371219158172613 0.041501185297966002 0.001415769848972559
 0.15503895282745361 0.1699102520942688 0.19995486736297607



# name: <cell-element>
# type: matrix
# rows: 3
# columns: 3
 0.018076163530349732 0.067758637666702273 0.11061334609985352
 0.1781946063041687 0.15564836263656617 0.070405000448226923
 0.064388626813888544 0.06376315355300903 0.15185989141464235



# name: <cell-element>
# type: matrix
# rows: 3
# columns: 3
 0.18117564916610718 0.022485317289829256 0.1415359854698181
 0.18863179683685302 0.070568770170211792 0.12568918466567994
 0.10213361978530884 0.025414815545082091 0.15762568712234498



# name: <cell-element>
# type: matrix
# rows: 3
# columns: 3
 0.094950562715530401 0.10001273155212402 0.11659971475601197
 0.16772102117538451 0.1350885510444641 0.055557793378829955
 0.031911581754684448 0.10729135274887085 0.19900937080383302








# name: b
# type: global cell
# rows: 1
# columns: 2
# name: <cell-element>
# type: matrix
# rows: 4
# columns: 1
 186.43689632415771
 170.28909206390381
 189.61484670639038
 188.32907915115356



# name: <cell-element>
# type: matrix
# rows: 4
# columns: 1
 173.81095886230469
 150.88565453886986
 167.46848821640015
 175.59020519256592





# name: alpha
# type: global cell
# rows: 1
# columns: 2
# name: <cell-element>
# type: scalar
0.90000000000000002



# name: <cell-element>
# type: scalar
0.90000000000000002





# name: x_min
# type: global cell
# rows: 1
# columns: 2
# name: <cell-element>
# type: matrix
# rows: 4
# columns: 3
 56 56 56
 56 56 56
 56 56 56
 56 56 56



# name: <cell-element>
# type: matrix
# rows: 4
# columns: 3
 57 57 57
 57 57 57
 57 57 57
 57 57 57





# name: x_max
# type: global cell
# rows: 1
# columns: 2
# name: <cell-element>
# type: matrix
# rows: 4
# columns: 3
 200.63088126480579 206.1236172914505 201.3874788582325
 201.66561752557755 200.36888927221298 203.77881944179535
 202.26309955120087 203.69086682796478 203.75022381544113
 209.24468994140625 202.24428445100784 200.13536460697651



# name: <cell-element>
# type: matrix
# rows: 4
# columns: 3
 209.51996743679047 202.78528451919556 203.02859306335449
 207.19062566757202 205.80140471458435 202.93571472167969
 204.39593195915222 202.78497457504272 202.75353938341141
 204.23576295375824 205.60587406158447 203.15384119749069





# name: x_initial
# type: cell
# rows: 1
# columns: 2
# name: <cell-element>
# type: matrix
# rows: 4
# columns: 3
 223.53652715682983 223.53652715682983 223.53652715682983
 223.53652715682983 223.53652715682983 223.53652715682983
 223.53652715682983 223.53652715682983 223.53652715682983
 223.53652715682983 223.53652715682983 223.53652715682983



# name: <cell-element>
# type: matrix
# rows: 4
# columns: 3
 223.66592168807983 223.66592168807983 223.66592168807983
 223.66592168807983 223.66592168807983 223.66592168807983
 223.66592168807983 223.66592168807983 223.66592168807983
 223.66592168807983 223.66592168807983 223.66592168807983





# name: x
# type: global cell
# rows: 1
# columns: 2
# name: <cell-element>
# type: matrix
# rows: 4
# columns: 3
 93.094738981498367 93.139517310900459 93.117578943521849
 93.672609652913962 93.665202810394291 93.675009968485909
 94.246685521498122 92.837814599565206 93.983499368479301
 93.573566204886902 93.932138707927351 93.842254710098985



# name: <cell-element>
# type: matrix
# rows: 4
# columns: 3
 93.810543421420093 93.720966539924888 93.764857342893606
 92.654770613209493 92.669586050302925 92.649977079561708
 91.506571799978062 94.324467013047652 92.032966413085617
 92.852870069928315 92.135709160065176 92.315479179163788





# name: w
# type: matrix
# rows: 32
# columns: 1
 4.5336176733576128
 4.5398058269046313
 4.5459156588290943
 4.5387479312567196
 4.5340985551368993
 4.5397267521847322
 4.5308540417018337
 4.5425725929149667
 4.53386298432729
 4.5398314510953943
 4.5431192282280959
 4.5416152312315399
 0.2522808130771988
 0.51199058427165556
 0.069776401541695898
 0.16595220110944972
 4.541277252908845
 4.5288804421041977
 4.5164107926529109
 4.5310161981441226
 4.5403219266457935
 4.529040328666242
 4.5467406152968817
 4.5232625897243182
 4.5407901306183556
 4.5288287053439849
 4.5221468434409893
 4.5252118325309123
 0.17479988714864994
 0.27544820039478651
 0.27643224362439456
 0.27331966883216885


# name: payoffs_history
# type: cell
# rows: 1
# columns: 2
# name: <cell-element>
# type: matrix
# rows: 1
# columns: 22
 -448510.2569629036 224.5004985541143 87738.564765826828 104459.81018562207 104882.94404609443 104898.52476541052 105015.89388502782 105016.82302310667 105045.96600970005 105046.02169189349 105051.32236458734 105051.32424662579 105053.15003742227 105053.1502622462 105053.44748100697 105053.44749181275 105054.94562252787 105054.94576293544 105054.99550321465 105054.99550351461 105055.04289261819 105055.04289270969



# name: <cell-element>
# type: matrix
# rows: 1
# columns: 22
 -435349.92265152454 14316.617993391732 151830.34620774619 110112.99102141924 110177.00175707144 109920.74062581371 109924.53836632479 109860.68541240472 109860.91228327062 109845.42897564523 109845.44183753876 109842.64111547823 109842.64330012427 109841.7228292956 109841.7230794583 109841.48578884675 109841.48635316227 109840.73359245363 109840.73360164854 109840.69890647491 109840.69891432603 109840.68091281471





# name: total_iter
# type: scalar
21


# name: opti
# type: cell
# rows: 1
# columns: 2
# name: <cell-element>
# type: matrix
# rows: 33
# columns: 1
 0
 0.2522808130771988
 0.51199058427165556
 0.069776401541695898
 0.16595220110944972
 37.094738981498367
 37.672609652913962
 38.246685521498122
 37.573566204886902
 37.139517310900459
 37.665202810394291
 36.837814599565206
 37.932138707927351
 37.117578943521849
 37.675009968485909
 37.983499368479301
 37.842254710098985
 107.53614228330743
 107.99300787266358
 108.01641402970274
 115.67112373651935
 112.98409998055004
 106.70368646181869
 110.85305222839958
 108.31214574308049
 108.26989991471065
 110.10380947330944
 109.76672444696183
 106.29310989687752
 5.0499468184208212
 2.2883096045298714
 16.453213039411168
 1.4229897851641624



# name: <cell-element>
# type: matrix
# rows: 33
# columns: 1
 1.1102230246251565e-16
 0.17479988714864994
 0.27544820039478651
 0.27643224362439456
 0.27331966883216885
 36.810543421420093
 35.654770613209493
 34.506571799978062
 35.852870069928315
 36.720966539924888
 35.669586050302925
 37.324467013047652
 35.135709160065176
 36.764857342893606
 35.649977079561708
 35.032966413085617
 35.315479179163788
 115.70942401537037
 114.53585505436253
 112.88936015917416
 111.38289288382992
 109.06431797927067
 113.13181866428143
 108.46050756199507
 113.4701649015193
 109.26373572046089
 110.28573764211798
 110.72057297032579
 110.8383620183269
 -1.7089961090732686e-07
 -2.2784121256336221e-08
 -1.7089087123167701e-07
 -3.5765168604484643e-08





