# Created by Octave 5.2.0, Sun Jun 21 15:44:01 2020 IST <nalin@nalinspc>
# name: N1
# type: global scalar
0


# name: N2
# type: global scalar
0


# name: N3
# type: global scalar
4


# name: M
# type: global scalar
3


# name: beta
# type: global matrix
# rows: 4
# columns: 3
 300 300 300
 300 300 300
 300 300 300
 300 300 300


# name: delta
# type: global matrix
# rows: 4
# columns: 3
 1 1 1
 1 1 1
 1 1 1
 1 1 1


# name: c
# type: global cell
# rows: 1
# columns: 2
# name: <cell-element>
# type: matrix
# rows: 4
# columns: 3
 20 20 20
 20 20 20
 20 20 20
 20 20 20



# name: <cell-element>
# type: matrix
# rows: 4
# columns: 3
 15 15 15
 15 15 15
 15 15 15
 15 15 15





# name: A_u
# type: global matrix
# rows: 0
# columns: 0


# name: A_v
# type: global matrix
# rows: 0
# columns: 0


# name: A_s
# type: global matrix
# rows: 0
# columns: 0


# name: b
# type: global matrix
# rows: 0
# columns: 0


# name: alpha
# type: global cell
# rows: 1
# columns: 2
# name: <cell-element>
# type: scalar
0.90000000000000002



# name: <cell-element>
# type: scalar
0.90000000000000002





# name: x_min
# type: global cell
# rows: 1
# columns: 2
# name: <cell-element>
# type: matrix
# rows: 4
# columns: 3
 56 56 56
 56 56 56
 56 56 56
 56 56 56



# name: <cell-element>
# type: matrix
# rows: 4
# columns: 3
 57 57 57
 57 57 57
 57 57 57
 57 57 57





# name: x_max
# type: global cell
# rows: 1
# columns: 2
# name: <cell-element>
# type: matrix
# rows: 4
# columns: 3
 200.63088126480579 206.1236172914505 201.3874788582325
 201.66561752557755 200.36888927221298 203.77881944179535
 202.26309955120087 203.69086682796478 203.75022381544113
 209.24468994140625 202.24428445100784 200.13536460697651



# name: <cell-element>
# type: matrix
# rows: 4
# columns: 3
 209.51996743679047 202.78528451919556 203.02859306335449
 207.19062566757202 205.80140471458435 202.93571472167969
 204.39593195915222 202.78497457504272 202.75353938341141
 204.23576295375824 205.60587406158447 203.15384119749069





# name: x_initial
# type: cell
# rows: 1
# columns: 2
# name: <cell-element>
# type: matrix
# rows: 4
# columns: 3
 213.53652715682983 213.53652715682983 213.53652715682983
 213.53652715682983 213.53652715682983 213.53652715682983
 213.53652715682983 213.53652715682983 213.53652715682983
 213.53652715682983 213.53652715682983 213.53652715682983



# name: <cell-element>
# type: matrix
# rows: 4
# columns: 3
 213.66592168807983 213.66592168807983 213.66592168807983
 213.66592168807983 213.66592168807983 213.66592168807983
 213.66592168807983 213.66592168807983 213.66592168807983
 213.66592168807983 213.66592168807983 213.66592168807983





# name: x
# type: global cell
# rows: 1
# columns: 2
# name: <cell-element>
# type: matrix
# rows: 4
# columns: 3
 91.666769907748318 91.66677836428623 91.666819555020254
 91.666776114074679 91.666801595561097 91.666781368946204
 91.666788322069024 91.666777691666965 91.666770904829889
 91.666782508499949 91.666789769011785 91.66678626144963



# name: <cell-element>
# type: matrix
# rows: 4
# columns: 3
 96.666622965772873 96.666627547660269 96.666603762260905
 96.666623904963757 96.666615471181188 96.666619089977829
 96.666615394228231 96.66662188123982 96.666629761788769
 96.666620840309875 96.666612326553647 96.666615212295369





# name: w
# type: matrix
# rows: 32
# columns: 1
 4.5181599352641726
 4.5181600029694726
 4.5181601361474248
 4.5181600727267535
 4.5181600275172054
 4.5181602809489538
 4.5181600201795495
 4.5181601519322339
 4.518160476870019
 4.5181600602952736
 4.5181599461414139
 4.5181601136679701
 0.25000000000069561
 0.25000000000030898
 0.25000000000061223
 0.24999999999838324
 4.5712681822340961
 4.5712681919498683
 4.5712681039077339
 4.5712681602465377
 4.5712682296329517
 4.5712681047037993
 4.5712681710147836
 4.5712680721731518
 4.5712679835769663
 4.5712681421396457
 4.5712682525377382
 4.5712681020256687
 0.25000000000000028
 0.25000000000008266
 0.24999999999992711
 0.2499999999999899


# name: payoffs_history
# type: cell
# rows: 1
# columns: 2
# name: <cell-element>
# type: matrix
# rows: 1
# columns: 21
 -377197.19658387487 6944.5005777395127 73584.001068711863 82170.751496339581 95452.123074802541 95988.795253317818 99577.065303339506 99610.599603826966 100524.85055054325 100526.94835961326 100756.56222805823 100756.69333524926 100814.49810948236 100814.5064148549 100828.50097182009 100828.50145231746 100832.09809322401 100832.09812173675 100833.46451159794 100833.46451329364 100833.38575206004



# name: <cell-element>
# type: matrix
# rows: 1
# columns: 21
 -364605.80758499575 39316.439485060931 157322.9998799715 120568.50412008647 122715.19071160234 114599.90599363919 114734.07408567879 112772.55538310681 112780.94664527391 112294.53464429127 112295.05911405955 112173.74884615297 112173.78160779539 112143.22150617481 112143.22348967446 112135.78108546679 112135.78121924686 112133.70240438759 112133.70241474944 112133.19583822598 112133.19583826844





# name: total_iter
# type: scalar
20


# name: opti
# type: cell
# rows: 1
# columns: 2
# name: <cell-element>
# type: matrix
# rows: 29
# columns: 1
 0
 0.25000000000069561
 0.25000000000030898
 0.25000000000061223
 0.24999999999838324
 35.666769907748318
 35.666776114074679
 35.666788322069024
 35.666782508499949
 35.66677836428623
 35.666801595561097
 35.666777691666965
 35.666789769011785
 35.666819555020254
 35.666781368946204
 35.666770904829889
 35.66678626144963
 108.96411135705748
 109.99884141150287
 110.59631122913184
 117.5779074329063
 114.45683892716427
 108.70208767665189
 112.02408913629782
 110.57749468199606
 109.72065930321224
 112.11203807284915
 112.08345291061124
 108.46857834552688



# name: <cell-element>
# type: matrix
# rows: 29
# columns: 1
 1.1102230246251565e-16
 0.25000000000000028
 0.25000000000008266
 0.24999999999992711
 0.2499999999999899
 39.666622965772873
 39.666623904963757
 39.666615394228231
 39.666620840309875
 39.666627547660269
 39.666615471181188
 39.66662188123982
 39.666612326553647
 39.666603762260905
 39.666619089977829
 39.666629761788769
 39.666615212295369
 112.85334447101759
 110.52400176260826
 107.72931656492399
 107.56914211344836
 106.11865697153529
 109.13478924340316
 106.1183526938029
 108.93926173503083
 106.36198930109359
 106.26909563170186
 106.08690962162264
 106.48722598519532





