# Created by Octave 5.2.0, Sun Jun 21 15:42:15 2020 IST <nalin@nalinspc>
# name: N1
# type: global scalar
0


# name: N2
# type: global scalar
0


# name: N3
# type: global scalar
4


# name: M
# type: global scalar
3


# name: beta
# type: global matrix
# rows: 4
# columns: 3
 300 300 300
 300 300 300
 300 300 300
 300 300 300


# name: delta
# type: global matrix
# rows: 4
# columns: 3
 1 1 1
 1 1 1
 1 1 1
 1 1 1


# name: c
# type: global cell
# rows: 1
# columns: 2
# name: <cell-element>
# type: matrix
# rows: 4
# columns: 3
 20 20 20
 20 20 20
 20 20 20
 20 20 20



# name: <cell-element>
# type: matrix
# rows: 4
# columns: 3
 15 15 15
 15 15 15
 15 15 15
 15 15 15





# name: A_u
# type: global matrix
# rows: 0
# columns: 0


# name: A_v
# type: global matrix
# rows: 0
# columns: 0


# name: A_s
# type: global matrix
# rows: 0
# columns: 0


# name: b
# type: global matrix
# rows: 0
# columns: 0


# name: alpha
# type: global cell
# rows: 1
# columns: 2
# name: <cell-element>
# type: scalar
0.90000000000000002



# name: <cell-element>
# type: scalar
0.90000000000000002





# name: x_min
# type: global cell
# rows: 1
# columns: 2
# name: <cell-element>
# type: matrix
# rows: 4
# columns: 3
 56 56 56
 56 56 56
 56 56 56
 56 56 56



# name: <cell-element>
# type: matrix
# rows: 4
# columns: 3
 57 57 57
 57 57 57
 57 57 57
 57 57 57





# name: x_max
# type: global cell
# rows: 1
# columns: 2
# name: <cell-element>
# type: matrix
# rows: 4
# columns: 3
 200.63088126480579 206.1236172914505 201.3874788582325
 201.66561752557755 200.36888927221298 203.77881944179535
 202.26309955120087 203.69086682796478 203.75022381544113
 209.24468994140625 202.24428445100784 200.13536460697651



# name: <cell-element>
# type: matrix
# rows: 4
# columns: 3
 209.51996743679047 202.78528451919556 203.02859306335449
 207.19062566757202 205.80140471458435 202.93571472167969
 204.39593195915222 202.78497457504272 202.75353938341141
 204.23576295375824 205.60587406158447 203.15384119749069





# name: x_initial
# type: cell
# rows: 1
# columns: 2
# name: <cell-element>
# type: matrix
# rows: 4
# columns: 3
 83.536527156829834 83.536527156829834 83.536527156829834
 83.536527156829834 83.536527156829834 83.536527156829834
 83.536527156829834 83.536527156829834 83.536527156829834
 83.536527156829834 83.536527156829834 83.536527156829834



# name: <cell-element>
# type: matrix
# rows: 4
# columns: 3
 83.665921688079834 83.665921688079834 83.665921688079834
 83.665921688079834 83.665921688079834 83.665921688079834
 83.665921688079834 83.665921688079834 83.665921688079834
 83.665921688079834 83.665921688079834 83.665921688079834





# name: x
# type: global cell
# rows: 1
# columns: 2
# name: <cell-element>
# type: matrix
# rows: 4
# columns: 3
 91.666581861041792 91.666617429331069 91.666603651781614
 91.666592022923155 91.666586929596718 91.666617669092659
 91.666586698386283 91.666604129816122 91.666606136321732
 91.666615626080699 91.666578614203686 91.666606287954721



# name: <cell-element>
# type: matrix
# rows: 4
# columns: 3
 96.666837044918637 96.666799599293782 96.666819285065216
 96.666826568647863 96.666829561932019 96.666807181076393
 96.666829521067669 96.666828222927791 96.66681957403722
 96.666811618062283 96.666835894908587 96.666818228939917





# name: w
# type: matrix
# rows: 32
# columns: 1
 4.5181578838457623
 4.5181579947027464
 4.5181579366168405
 4.5181582521919141
 4.5181582718637472
 4.5181579391391384
 4.5181581267780411
 4.5181578484256768
 4.5181581215631157
 4.5181582744793296
 4.518158148667208
 4.518158150321387
 0.25000000000004569
 0.24999999999997929
 0.24999999999999017
 0.24999999999998482
 4.5712703968444979
 4.571270288469468
 4.571270319011691
 4.5712701338084818
 4.5712700094765726
 4.5712703194344249
 4.5712703055826802
 4.5712703849478631
 4.5712702131221832
 4.5712700879086956
 4.5712702161115439
 4.5712702021967662
 0.24999999999999997
 0.24999999999999661
 0.25000000000000333
 0.25000000000000006


# name: payoffs_history
# type: cell
# rows: 1
# columns: 2
# name: <cell-element>
# type: matrix
# rows: 1
# columns: 18
 113072.58834349323 115641.21091977338 104155.00750938574 104440.22780214513 101711.2889063652 101729.11511236201 101055.7948280581 101056.9089599554 100889.13472227535 100889.20435616793 100847.18059305125 100847.18498058384 100836.71194919273 100836.71222051357 100833.55699474049 100833.55702431544 100833.1626224046 100833.16262248994



# name: <cell-element>
# type: matrix
# rows: 1
# columns: 18
 118267.6882798724 103578.78480422666 104719.66552589655 110184.84532963503 110256.15035374052 111658.09562730939 111662.55219533695 112015.26605978535 112015.54459952103 112103.83376790312 112103.85116501932 112126.02877484878 112126.02984508732 112131.37741090714 112131.37746575274 112133.50701489388 112133.5070158595 112133.41095103786





# name: total_iter
# type: scalar
17


# name: opti
# type: cell
# rows: 1
# columns: 2
# name: <cell-element>
# type: matrix
# rows: 29
# columns: 1
 1.1102230246251565e-16
 0.25000000000004569
 0.24999999999997929
 0.24999999999999017
 0.24999999999998482
 35.666581861041792
 35.666592022923155
 35.666586698386283
 35.666615626080699
 35.666617429331069
 35.666586929596718
 35.666604129816122
 35.666578614203686
 35.666603651781614
 35.666617669092659
 35.666606136321732
 35.666606287954721
 108.964299403764
 109.99902550265439
 110.59651285281458
 117.57807431532555
 114.45699986211943
 108.70230234261626
 112.02426269814866
 110.57770583680416
 109.72087520645088
 112.11220177270269
 112.0836176791194
 108.46875831902179



# name: <cell-element>
# type: matrix
# rows: 29
# columns: 1
 0
 0.24999999999999997
 0.24999999999999661
 0.25000000000000333
 0.25000000000000006
 39.666837044918637
 39.666826568647863
 39.666829521067669
 39.666811618062283
 39.666799599293782
 39.666829561932019
 39.666828222927791
 39.666835894908587
 39.666819285065216
 39.666807181076393
 39.66681957403722
 39.666818228939917
 112.85313039187183
 110.52379909892416
 107.72910243808455
 107.56895133569596
 106.11848491990177
 109.13457515265233
 106.11814635211493
 108.93903816667589
 106.36177377828928
 106.26890754060329
 106.08671980937419
 106.48702296855078





